0
0
0
0
0
0
0
0
0
0
0
0
0
0
0
0
0
0
0
0
0
0
0
0
0
0
0
0
0
0
0
0
0
0
0
0
0
0
0
0
0
0
0
0
0
0
0
0
0
0
0
0
0
0
0
0
0
0
0
0
0
0
0
0
0
0
0
0
0
0
0
0
0
0
0
0
0
0
0
0
0
0
0
0
0
0
0
0
0
0
0
0
0
0
0
0
0
0
0
0
0
0
0
0
0
0
0
0
0
0
0
0
0
0
0
0
0
0
0
0
0
0
0
0
0
0
0
0
0
0
0
0
0
0
0
0
0
0
0
0
0
0
0
0
0
0
0
0
0
0
0
0
0
0
0
0
0
0
0
0
0
0
0
0
0
0
0
0
0
0
0
0
0
0
0
0
0
0
0
0
0
0
0
0
0
0
0
0
0
0
0
0
0
0
0
0
0
0
0
0
0
0
0
0
0
0
0
0
0
0
0
0
0
0
0
0
0
0
0
0
0
0
0
0
0
0
0
0
0
0
0
0
0
0
0
0
0
0
0
0
0
0
0
0
0
0
0
0
0
0
0
0
0
0
0
0
0
0
0
0
0
0
0
0
0
0
0
0
0
0
0
0
0
0
0
0
0
0
0
0
0
0
0
0
0
0
0
0
0
0
0
0
0
0
0
0
0
0
0
0
0
0
0
0
0
0
0
0
0
0
0
0
0
0
0
0
0
0
0
0
0
0
0
0
0
0
0
0
0
0
0
0
0
0
0
0
0
0
0
0
0
0
0
0
0
0
0
0
0
0
0
0
0
148.412002208337
143.816412534142
139.220822859948
134.625233185754
130.029643511559
125.434053837365
120.83846416317
116.242874488976
111.647284814782
107.051695140587
102.456105466393
97.8605157921983
93.2649261180039
88.6693364438095
84.0737467696151
79.4781570954207
74.8825674212263
70.2869777470319
65.6913880728375
61.0957983986431
56.5002087244487
51.9046190502543
47.30902937606
42.7134397018656
38.1178500276711
33.5222603534768
28.9266706792824
24.331081005088
19.7354913308936
15.1399016566992
10.5443119825048
5.94872230831037
2.61187957549604
1.28903194888757
-0.0338156777209062
-1.35666330432938
-2.67951093093785
-4.00235855754632
-5.32520618415479
-6.64805381076327
-7.97090143737173
-9.29374906398021
-10.6165966905887
-11.9394443171972
-13.2622919438056
-14.5851395704141
-15.9079871970226
-17.230834823631
-18.5536824502395
-19.876530076848
-21.1993777034565
-22.5222253300649
-23.8450729566734
-25.1679205832819
-26.4907682098903
-27.8136158364988
-29.1364634631073
-30.4593110897158
-31.7821587163242
-33.1050063429327
-34.4278539695412
-35.7507015961496
-37.0735492227581
-38.3963968493666
-38.9022559344185
-37.7741379363597
-36.6460199383008
-35.5179019402419
-34.389783942183
-33.2616659441241
-32.1335479460652
-31.0054299480063
-29.8773119499474
-28.7491939518885
-27.6210759538296
-26.4929579557707
-25.3648399577118
-24.2367219596529
-23.108603961594
-21.9804859635351
-20.8523679654762
-19.7242499674173
-18.5961319693584
-17.4680139712996
-16.3398959732407
-15.2117779751818
-14.0836599771229
-12.955541979064
-11.8274239810051
-10.6993059829462
-9.5711879848873
-8.4430699868284
-7.31495198876951
-6.18683399071062
-5.05871599265172
-3.93059799459283
-2.61430519694087
-0.819022000325539
0.976261196289795
2.77154439290513
4.56682758952046
6.3621107861358
8.15739398275113
9.95267717936647
11.7479603759818
13.5432435725971
15.3385267692125
17.1338099658278
18.9290931624431
20.7243763590585
22.5196595556738
24.3149427522891
26.1102259489045
27.9055091455198
29.7007923421351
31.4960755387505
33.2913587353658
35.0866419319811
36.8819251285965
38.6772083252118
40.4724915218271
42.2677747184425
44.0630579150578
45.8583411116731
47.6536243082885
49.4489075049038
51.2441907015192
53.0394738981345
57.0080635615622
68.2210081143499
79.4339526671377
90.6468972199254
101.859841772713
113.072786325501
124.285730878289
135.498675431076
146.711619983864
157.924564536652
169.13750908944
180.350453642227
191.563398195015
202.776342747803
213.98928730059
225.202231853378
236.415176406166
247.628120958954
258.841065511741
270.054010064528
281.266954617316
292.479899170104
303.692843722892
314.905788275679
326.118732828467
337.331677381255
348.544621934043
359.75756648683
370.970511039618
382.183455592406
393.396400145193
404.609344697981
419.249219312995
449.555059926728
479.860900540461
510.166741154194
540.472581767926
570.778422381659
601.084262995392
631.390103609125
661.695944222858
692.001784836591
722.307625450323
752.613466064056
782.919306677789
813.225147291522
843.530987905255
873.836828518987
904.14266913272
934.448509746453
964.754350360186
995.060190973919
1025.36603158765
1055.67187220138
1085.97771281512
1116.28355342885
1146.58939404258
1176.89523465632
1207.20107527005
1237.50691588378
1267.81275649751
1298.11859711125
1328.42443772498
1358.73027833871
1391.18930963424
1438.29003756594
1485.39076549764
1532.49149342934
1579.59222136104
1626.69294929274
1673.79367722444
1720.89440515613
1767.99513308783
1815.09586101953
1862.19658895123
1909.29731688293
1956.39804481463
2003.49877274633
2050.59950067803
2097.70022860973
2144.80095654143
2191.90168447312
2239.00241240482
2286.10314033652
2333.20386826822
2380.30459619992
2427.40532413162
2474.50605206332
2521.60677999502
2568.70750792672
2615.80823585842
2662.90896379012
2710.00969172182
2757.11041965351
2804.21114758521
2851.31187551691
2898.73223414762
2949.98816116648
3001.24408818533
3052.50001520419
3103.75594222304
3155.01186924189
3206.26779626075
3257.5237232796
3308.77965029845
3360.03557731731
3411.29150433616
3462.54743135501
3513.80335837387
3565.05928539272
3616.31521241157
3667.57113943043
3718.82706644928
3770.08299346813
3821.33892048699
3872.59484750584
3923.85077452469
3975.10670154355
4026.3626285624
4077.61855558125
4128.87448260011
4180.13040961896
4231.38633663782
4282.64226365667
4333.89819067552
4385.15411769438
4436.41004471323
4487.66597173208
4538.69480073852
4581.0939052734
4623.49300980828
4665.89211434316
4708.29121887804
4750.69032341292
4793.0894279478
4835.48853248268
4877.88763701756
4920.28674155244
4962.68584608732
5005.0849506222
5047.48405515708
5089.88315969196
5132.28226422684
5174.68136876172
5217.0804732966
5259.47957783147
5301.87868236635
5344.27778690123
5386.67689143611
5429.07599597099
5471.47510050587
5513.87420504075
5556.27330957563
5598.67241411051
5641.07151864539
5683.47062318027
5725.86972771515
5768.26883225003
5810.66793678491
5853.06704131979
5895.46614585467
5925.9023386264
5956.02371793069
5986.14509723499
6016.26647653928
6046.38785584357
6076.50923514786
6106.63061445215
6136.75199375644
6166.87337306073
6196.99475236502
6227.11613166931
6257.2375109736
6287.35889027789
6317.48026958218
6347.60164888647
6377.72302819076
6407.84440749505
6437.96578679934
6468.08716610363
6498.20854540792
6528.32992471221
6558.4513040165
6588.57268332079
6618.69406262508
6648.81544192938
6678.93682123366
6709.05820053796
6739.17957984225
6769.30095914654
6799.42233845083
6829.54371775512
6859.66509705941
6882.33066188887
6904.37490884544
6926.419155802
6948.46340275857
6970.50764971513
6992.55189667169
7014.59614362826
7036.64039058482
7058.68463754139
7080.72888449795
7102.77313145452
7124.81737841108
7146.86162536765
7168.90587232421
7190.95011928078
7212.99436623734
7235.0386131939
7257.08286015047
7279.12710710703
7301.1713540636
7323.21560102016
7345.25984797673
7367.30409493329
7389.34834188986
7411.39258884642
7433.43683580299
7455.48108275955
7477.52532971611
7499.56957667268
7521.61382362924
7543.65807058581
7565.70231754237
7582.59834835094
7598.73728854951
7614.87622874808
7631.01516894665
7647.15410914522
7663.2930493438
7679.43198954237
7695.57092974094
7711.70986993951
7727.84881013808
7743.98775033665
7760.12669053522
7776.26563073379
7792.40457093236
7808.54351113093
7824.6824513295
7840.82139152807
7856.96033172664
7873.09927192522
7889.23821212379
7905.37715232236
7921.51609252093
7937.6550327195
7953.79397291807
7969.93291311664
7986.07185331521
8002.21079351378
8018.34973371235
8034.48867391093
8050.62761410949
8066.76655430807
8082.90549450664
8094.99779049204
8106.20488305582
8117.4119756196
8128.61906818338
8139.82616074716
8151.03325331094
8162.24034587471
8173.44743843849
8184.65453100227
8195.86162356605
8207.06871612983
8218.27580869361
8229.48290125739
8240.68999382117
8251.89708638495
8263.10417894872
8274.3112715125
8285.51836407628
8296.72545664006
8307.93254920384
8319.13964176762
8330.3467343314
8341.55382689518
8352.76091945895
8363.96801202273
8375.17510458651
8386.38219715029
8397.58928971407
8408.79638227785
8420.00347484163
8431.21056740541
8442.41765996918
8451.93813483424
8460.95262438969
8469.96711394513
8478.98160350058
8487.99609305603
8497.01058261147
8506.02507216692
8515.03956172236
8524.05405127781
8533.06854083326
8542.0830303887
8551.09751994415
8560.11200949959
8569.12649905504
8578.14098861048
8587.15547816593
8596.16996772138
8605.18445727682
8614.19894683227
8623.21343638771
8632.22792594316
8641.24241549861
8650.25690505405
8659.2713946095
8668.28588416494
8677.30037372039
8686.31486327583
8695.32935283128
8704.34384238673
8713.35833194217
8722.37282149762
8731.38731105306
8738.74682832645
8745.45617791761
8752.16552750876
8758.87487709991
8765.58422669107
8772.29357628222
8779.00292587337
8785.71227546453
8792.42162505568
8799.13097464684
8805.84032423799
8812.54967382914
8819.2590234203
8825.96837301145
8832.6777226026
8839.38707219376
8846.09642178491
8852.80577137606
8859.51512096722
8866.22447055837
8872.93382014952
8879.64316974068
8886.35251933183
8893.06186892299
8899.77121851414
8906.48056810529
8913.18991769645
8919.8992672876
8926.60861687875
8933.31796646991
8940.02731606106
8946.73666565221
8951.08799065083
8954.26030335319
8957.43261605554
8960.6049287579
8963.77724146025
8966.9495541626
8970.12186686496
8973.29417956731
8976.46649226967
8979.63880497202
8982.81111767438
8985.98343037673
8989.15574307908
8992.32805578144
8995.50036848379
8998.67268118614
9001.8449938885
9005.01730659085
9008.18961929321
9011.36193199556
9014.53424469792
9017.70655740027
9020.87887010263
9024.05118280498
9027.22349550733
9030.39580820969
9033.56812091204
9036.7404336144
9039.91274631675
9043.08505901911
9046.25737172146
9049.42968442381
9051.48185292341
9052.83393129629
9054.18600966917
9055.53808804205
9056.89016641493
9058.24224478781
9059.59432316068
9060.94640153356
9062.29847990644
9063.65055827932
9065.0026366522
9066.35471502508
9067.70679339795
9069.05887177083
9070.41095014371
9071.76302851659
9073.11510688947
9074.46718526235
9075.81926363523
9077.1713420081
9078.52342038098
9079.87549875386
9081.22757712674
9082.57965549962
9083.93173387249
9085.28381224537
9086.63589061825
9087.98796899113
9089.34004736401
9090.69212573689
9092.04420410976
9093.39628248264
9093.45555557552
9092.51584277022
9091.57612996491
9090.63641715961
9089.69670435431
9088.75699154901
9087.8172787437
9086.8775659384
9085.9378531331
9084.99814032779
9084.05842752249
9083.11871471719
9082.17900191189
9081.23928910658
9080.29957630128
9079.35986349598
9078.42015069067
9077.48043788537
9076.54072508007
9075.60101227476
9074.66129946946
9073.72158666416
9072.78187385886
9071.84216105355
9070.90244824825
9069.96273544295
9069.02302263764
9068.08330983234
9067.14359702704
9066.20388422173
9065.26417141643
9064.32445861113
9060.27779839483
9053.27953813809
9046.28127788136
9039.28301762462
9032.28475736788
9025.28649711114
9018.28823685441
9011.28997659767
9004.29171634093
8997.2934560842
8990.29519582746
8983.29693557072
8976.29867531398
8969.30041505725
8962.30215480051
8955.30389454377
8948.30563428704
8941.3073740303
8934.30911377356
8927.31085351682
8920.31259326009
8913.31433300335
8906.31607274661
8899.31781248988
8892.31955223314
8885.3212919764
8878.32303171967
8871.32477146293
8864.32651120619
8857.32825094946
8850.32999069272
8843.33173043598
8832.78184975531
8818.08841191338
8803.39497407146
8788.70153622953
8774.00809838761
8759.31466054568
8744.62122270376
8729.92778486183
8715.23434701991
8700.54090917799
8685.84747133606
8671.15403349414
8656.46059565221
8641.76715781029
8627.07371996836
8612.38028212644
8597.68684428451
8582.99340644259
8568.29996860066
8553.60653075874
8538.91309291682
8524.21965507489
8509.52621723297
8494.83277939104
8480.13934154912
8465.44590370719
8450.75246586527
8436.05902802334
8421.36559018142
8406.67215233949
8391.97871449757
8377.28527665564
8359.68853379802
8337.91828998035
8316.14804616268
8294.37780234501
8272.60755852733
8250.83731470966
8229.06707089199
8207.29682707432
8185.52658325665
8163.75633943898
8141.98609562131
8120.21585180364
8098.44560798597
8076.6753641683
8054.90512035063
8033.13487653296
8011.36463271529
7989.59438889762
7967.82414507996
7946.05390126228
7924.28365744462
7902.51341362695
7880.74316980928
7858.97292599161
7837.20268217394
7815.43243835627
7793.6621945386
7771.89195072093
7750.12170690326
7728.35146308559
7706.58121926792
7684.81097545025
7661.07918008686
7633.84461410607
7606.61004812529
7579.3754821445
7552.14091616372
7524.90635018293
7497.67178420215
7470.43721822136
7443.20265224058
7415.96808625979
7388.73352027901
7361.49895429822
7334.26438831744
7307.02982233665
7279.79525635587
7252.56069037508
7225.3261243943
7198.09155841351
7170.85699243273
7143.62242645194
7116.38786047116
7089.15329449037
7061.91872850958
7034.6841625288
7007.44959654801
6980.21503056723
6952.98046458645
6925.74589860566
6898.51133262487
6871.27676664409
6844.04220066331
6816.80763468252
6788.44009048373
6757.52334529435
6726.60660010497
6695.68985491559
6664.77310972621
6633.85636453683
6602.93961934745
6572.02287415807
6541.1061289687
6510.18938377932
6479.27263858994
6448.35589340056
6417.43914821118
6386.5224030218
6355.60565783242
6324.68891264305
6293.77216745367
6262.85542226429
6231.93867707491
6201.02193188553
6170.10518669615
6139.18844150677
6108.27169631739
6077.35495112801
6046.43820593864
6015.52146074926
5984.60471555988
5953.6879703705
5922.77122518112
5891.85447999174
5860.93773480236
5830.02098961298
5798.23245781394
5763.91574484674
5729.59903187953
5695.28231891233
5660.96560594513
5626.64889297793
5592.33218001072
5558.01546704352
5523.69875407632
5489.38204110912
5455.06532814191
5420.74861517471
5386.43190220751
5352.11518924031
5317.7984762731
5283.4817633059
5249.1650503387
5214.8483373715
5180.5316244043
5146.21491143709
5111.89819846989
5077.58148550269
5043.26477253549
5008.94805956828
4974.63134660108
4940.31463363388
4905.99792066668
4871.68120769947
4837.36449473227
4803.04778176507
4768.73106879787
4734.41435583066
4699.88139970917
4664.51050136473
4629.1396030203
4593.76870467586
4558.39780633142
4523.02690798698
4487.65600964255
4452.28511129811
4416.91421295367
4381.54331460923
4346.1724162648
4310.80151792036
4275.43061957592
4240.05972123149
4204.68882288705
4169.31792454261
4133.94702619817
4098.57612785374
4063.2052295093
4027.83433116486
3992.46343282042
3957.09253447599
3921.72163613155
3886.35073778711
3850.97983944267
3815.60894109824
3780.2380427538
3744.86714440936
3709.49624606492
3674.12534772049
3638.75444937605
3603.38355103161
3568.55125663112
3536.68128392272
3504.81131121432
3472.94133850592
3441.07136579751
3409.20139308911
3377.33142038071
3345.46144767231
3313.5914749639
3281.7215022555
3249.8515295471
3217.9815568387
3186.11158413029
3154.24161142189
3122.37163871349
3090.50166600509
3058.63169329668
3026.76172058828
2994.89174787988
2963.02177517148
2931.15180246307
2899.28182975467
2867.41185704627
2835.54188433787
2803.67191162946
2771.80193892106
2739.93196621266
2708.06199350426
2676.19202079585
2644.32204808745
2612.45207537905
2580.58210267065
2549.14660291799
2521.51274152898
2493.87888013996
2466.24501875094
2438.61115736192
2410.9772959729
2383.34343458388
2355.70957319486
2328.07571180584
2300.44185041682
2272.8079890278
2245.17412763878
2217.54026624976
2189.90640486074
2162.27254347172
2134.6386820827
2107.00482069368
2079.37095930466
2051.73709791564
2024.10323652662
1996.4693751376
1968.83551374858
1941.20165235957
1913.56779097055
1885.93392958153
1858.30006819251
1830.66620680349
1803.03234541447
1775.39848402545
1747.76462263643
1720.13076124741
1692.49689985839
1665.11141910998
1642.32098021502
1619.53054132006
1596.74010242511
1573.94966353015
1551.15922463519
1528.36878574024
1505.57834684528
1482.78790795032
1459.99746905536
1437.20703016041
1414.41659126545
1391.62615237049
1368.83571347554
1346.04527458058
1323.25483568562
1300.46439679067
1277.67395789571
1254.88351900075
1232.09308010579
1209.30264121084
1186.51220231588
1163.72176342092
1140.93132452597
1118.14088563101
1095.35044673605
1072.5600078411
1049.76956894614
1026.97913005118
1004.18869115622
981.398252261267
958.60781336631
935.817374471353
921.427247638005
907.037120804884
892.646993971762
878.25686713864
863.866740305518
849.476613472396
835.086486639275
820.696359806153
806.306232973031
791.916106139909
777.525979306787
763.135852473666
748.745725640544
734.355598807422
719.9654719743
705.575345141178
691.185218308057
676.795091474935
662.404964641813
648.014837808691
633.624710975569
619.234584142448
604.844457309326
590.454330476204
576.064203643082
561.67407680996
547.283949976839
532.893823143717
518.503696310595
504.113569477473
489.723442644351
475.33331581123
467.48118550578
459.982460418264
452.483735330748
444.985010243232
437.486285155716
429.9875600682
422.488834980684
414.990109893168
407.491384805652
399.992659718137
392.493934630621
384.995209543105
377.496484455589
369.997759368073
362.499034280557
355.000309193041
347.501584105525
340.002859018009
332.504133930493
325.005408842977
317.506683755461
310.007958667945
302.509233580429
295.010508492913
287.511783405397
280.013058317881
272.514333230365
265.01560814285
257.516883055334
250.018157967818
242.519432880302
235.020707792786
229.945696938954
225.147681997644
220.349667056335
215.551652115026
210.753637173717
205.955622232407
201.157607291098
196.359592349789
191.56157740848
186.76356246717
181.965547525861
177.167532584552
172.369517643243
167.571502701934
162.773487760624
157.975472819315
153.177457878006
148.379442936697
143.581427995388
138.783413054078
133.985398112769
129.18738317146
124.389368230151
119.591353288841
114.793338347532
109.995323406223
105.197308464914
100.399293523605
95.6012785822953
90.8032636409861
86.0052486996768
81.2072337583676
78.4605483117382
76.086831864249
73.7131154167599
71.3393989692707
68.9656825217816
66.5919660742925
64.2182496268033
61.8445331793142
59.470816731825
57.0971002843359
54.7233838368467
52.3496673893576
49.9759509418684
47.6022344943793
45.2285180468901
42.854801599401
40.4810851519118
38.1073687044227
35.7336522569335
33.3599358094444
30.9862193619553
28.6125029144661
26.238786466977
23.8650700194878
21.4913535719987
19.1176371245095
16.7439206770204
14.3702042295312
11.9964877820421
9.62277133455294
7.24905488706379
4.87533843957465
2.85331914164062
0.922060398453305
-1.00919834473401
-2.94045708792133
-4.87171583110865
-6.80297457429596
-8.73423331748328
-10.6654920606706
-12.5967508038579
-14.5280095470452
-16.4592682902325
-18.3905270334199
-20.3217857766072
-22.2530445197945
-24.1843032629818
-26.1155620061691
-28.0468207493565
-29.9780794925438
-31.9093382357311
-33.8405969789184
-35.7718557221057
-37.703114465293
-39.6343732084804
-41.5656319516677
-43.496890694855
-45.4281494380423
-47.3594081812296
-49.2906669244169
-51.2219256676043
-53.1531844107916
-55.0844431539789
-57.0157018971662
-58.7573426590851
-60.4335979102065
-62.1098531613279
-63.7861084124493
-65.4623636635708
-67.1386189146922
-68.8148741658136
-70.491129416935
-72.1673846680564
-73.8436399191778
-75.5198951702992
-77.1961504214206
-78.872405672542
-80.5486609236634
-82.2249161747848
-83.9011714259062
-85.5774266770276
-87.253681928149
-88.9299371792705
-90.6061924303919
-92.2824476815133
-93.9587029326347
-95.6349581837561
-97.3112134348775
-98.9874686859989
-100.66372393712
-102.339979188242
-104.016234439363
-105.692489690485
-107.368744941606
-109.045000192727
-110.721255443849
-107.384772695315
-101.820406390877
-96.2560400864392
-90.6916737820012
-85.1273074775631
-79.5629411731251
-73.9985748686871
-68.4342085642491
-62.869842259811
-57.305475955373
-51.741109650935
-46.1767433464969
-40.6123770420589
-35.0480107376209
-29.4836444331829
-23.9192781287448
-18.3549118243068
-12.7905455198688
-7.22617921543075
-1.66181291099274
3.90255339344529
9.46691969788332
15.0312860023213
20.5956523067594
26.1600186111974
31.7243849156354
37.2887512200734
42.8531175245115
48.4174838289495
53.9818501333875
59.5462164378255
65.1105827422636
67.1080475697852
67.1080475697852
67.1080475697852
67.1080475697852
67.1080475697852
67.1080475697852
67.1080475697852
67.1080475697852
67.1080475697852
67.1080475697852
67.1080475697852
