0.000000
0.000000
0.000000
0.000000
0.000000
0.000000
0.000000
0.000000
0.000000
0.000000
0.000000
0.000000
0.000000
0.000000
0.000000
0.000000
0.000000
0.000000
0.000000
0.000000
0.000000
0.000000
0.000000
0.000000
0.000000
0.000000
0.000000
0.000000
0.000000
0.000000
0.000000
0.000000
0.000000
0.000000
0.000000
0.000000
0.000000
0.000000
0.000000
0.000000
0.000000
0.000000
0.000000
0.000000
0.000000
0.000000
0.000000
0.000000
0.000000
0.000000
0.000000
0.000000
0.000000
0.000000
0.000000
0.000000
0.000000
0.000000
0.000000
0.000000
0.000000
0.000000
0.000000
0.000000
0.000000
0.000000
0.000000
0.000000
0.000000
0.000000
0.000000
0.000000
0.000000
0.000000
0.000000
0.000000
0.000000
0.000000
0.000000
0.000000
0.000000
0.000000
0.000000
0.000000
0.000000
0.000000
0.000000
0.000000
0.000000
0.000000
0.000000
0.000000
0.000000
0.000000
0.000000
0.000000
0.000000
0.000000
0.000000
0.000000
0.000000
0.000000
0.000000
0.000000
0.000000
0.000000
0.000000
0.000000
0.000000
0.000000
0.000000
0.000000
0.000000
0.000000
0.000000
0.000000
0.000000
0.000000
0.000000
0.000000
0.000000
0.000000
0.000000
0.000000
0.000000
0.000000
0.000000
0.000000
0.000000
0.000000
0.000000
0.000000
0.000000
0.000000
0.000000
0.000000
0.000000
0.000000
0.000000
0.000000
0.000000
0.000000
0.000000
0.000000
0.000000
0.000000
0.000000
0.000000
0.000000
0.000000
0.000000
0.000000
0.000000
0.000000
0.000000
0.000000
0.000000
0.000000
0.000000
0.000000
0.000000
0.000000
0.000000
0.000000
0.000000
0.000000
0.000000
0.000000
0.000000
0.000000
0.000000
0.000000
0.000000
0.000000
0.000000
0.000000
0.000000
0.000000
0.000000
0.000000
0.000000
0.000000
0.000000
0.000000
0.000000
0.000000
0.000000
0.000000
0.000000
0.000000
0.000000
0.000000
0.000000
0.000000
0.000000
0.000000
0.000000
0.000000
0.000000
0.000000
0.000000
0.000000
0.000000
0.000000
0.000000
0.000000
0.000000
0.000000
0.000000
0.000000
0.000000
0.000000
0.000000
0.000000
0.000000
0.000000
0.000000
0.000000
0.000000
0.000000
0.000000
0.000000
0.000000
0.000000
0.000000
0.000000
0.000000
0.000000
0.000000
0.000000
0.000000
0.000000
0.000000
0.000000
0.000000
0.000000
0.000000
0.000000
0.000000
0.000000
0.000000
0.000000
0.000000
0.000000
0.000000
0.000000
0.000000
0.000000
0.000000
0.000000
0.000000
0.000000
0.000000
0.000000
0.000000
0.000000
0.000000
0.000000
0.000000
0.000000
0.000000
0.000000
0.000000
0.000000
0.000000
0.000000
0.000000
0.000000
0.000000
0.000000
0.000000
0.000000
0.000000
0.000000
0.000000
0.000000
0.000000
0.000000
0.000000
0.000000
0.000000
0.000000
0.000000
0.000000
0.000000
0.000000
0.000000
0.000000
0.000000
0.000000
0.000000
0.000000
0.000000
0.000000
0.000000
0.000000
0.000000
0.000000
0.000000
0.000000
0.000000
0.000000
0.000000
0.000000
0.000000
0.000000
0.000000
0.000000
0.000000
0.000000
0.000000
0.000000
0.000000
0.000000
0.000000
0.000000
0.000000
0.000000
0.000000
0.000000
0.000000
0.000000
0.000000
0.000000
0.000000
0.000000
0.000000
0.000000
0.000000
0.000000
0.000000
0.000000
0.000000
0.000000
0.000000
0.000000
0.000000
0.000000
0.000000
0.000000
0.000000
0.000000
0.000000
0.000000
0.000000
0.000000
0.000000
0.000000
0.000000
0.000000
0.000000
0.000000
32.950840
31.560589
30.170337
28.780085
27.389834
25.999582
24.609330
23.219079
21.828827
20.438575
19.048324
17.658072
16.267820
14.877569
13.487317
12.097065
10.706814
9.316562
7.926310
6.536059
5.145807
3.755555
2.365304
0.975052
-0.415200
-1.805451
-3.195703
-4.585955
-5.976206
-7.366458
-8.756710
-10.146961
-11.141123
-11.501540
-11.861958
-12.222376
-12.582793
-12.943211
-13.303628
-13.664046
-14.024464
-14.384881
-14.745299
-15.105716
-15.466134
-15.826552
-16.186969
-16.547387
-16.907804
-17.268222
-17.628640
-17.989057
-18.349475
-18.709892
-19.070310
-19.430728
-19.791145
-20.151563
-20.511980
-20.872398
-21.232816
-21.593233
-21.953651
-22.314068
-22.475034
-22.237095
-21.999156
-21.761217
-21.523278
-21.285339
-21.047400
-20.809461
-20.571522
-20.333583
-20.095644
-19.857705
-19.619766
-19.381827
-19.143888
-18.905949
-18.668010
-18.430071
-18.192132
-17.954193
-17.716254
-17.478315
-17.240376
-17.002437
-16.764498
-16.526559
-16.288620
-16.050681
-15.812742
-15.574803
-15.336864
-15.098925
-14.933872
-14.954347
-14.974823
-14.995298
-15.015773
-15.036248
-15.056723
-15.077198
-15.097674
-15.118149
-15.138624
-15.159099
-15.179574
-15.200050
-15.220525
-15.241000
-15.261475
-15.281950
-15.302426
-15.322901
-15.343376
-15.363851
-15.384326
-15.404801
-15.425277
-15.445752
-15.466227
-15.486702
-15.507177
-15.527653
-15.548128
-15.568603
-15.065742
-12.818427
-10.571111
-8.323796
-6.076481
-3.829166
-1.581850
0.665465
2.912780
5.160095
7.407411
9.654726
11.902041
14.149357
16.396672
18.643987
20.891302
23.138618
25.385933
27.633248
29.880563
32.127879
34.375194
36.622509
38.869824
41.117140
43.364455
45.611770
47.859086
50.106401
52.353716
54.601031
57.650719
64.368397
71.086075
77.803753
84.521431
91.239109
97.956787
104.674465
111.392143
118.109821
124.827499
131.545177
138.262855
144.980533
151.698211
158.415889
165.133567
171.851245
178.568923
185.286601
192.004279
198.721957
205.439635
212.157313
218.874991
225.592669
232.310346
239.028024
245.745702
252.463380
259.181058
265.898736
273.459475
286.753029
300.046582
313.340136
326.633689
339.927243
353.220796
366.514350
379.807903
393.101457
406.395010
419.688564
432.982117
446.275671
459.569224
472.862778
486.156331
499.449885
512.743438
526.036992
539.330545
552.624099
565.917652
579.211206
592.504759
605.798313
619.091866
632.385420
645.678973
658.972527
672.266080
685.559634
699.535145
721.694149
743.853154
766.012158
788.171162
810.330166
832.489170
854.648175
876.807179
898.966183
921.125187
943.284191
965.443196
987.602200
1009.761204
1031.920208
1054.079212
1076.238217
1098.397221
1120.556225
1142.715229
1164.874234
1187.033238
1209.192242
1231.351246
1253.510250
1275.669255
1297.828259
1319.987263
1342.146267
1364.305271
1386.464276
1408.777220
1436.939874
1465.102528
1493.265182
1521.427836
1549.590490
1577.753144
1605.915799
1634.078453
1662.241107
1690.403761
1718.566415
1746.729069
1774.891723
1803.054378
1831.217032
1859.379686
1887.542340
1915.704994
1943.867648
1972.030303
2000.192957
2028.355611
2056.518265
2084.680919
2112.843573
2141.006227
2169.168882
2197.331536
2225.494190
2253.656844
2281.819498
2309.982152
2336.384869
2362.741272
2389.097675
2415.454078
2441.810481
2468.166884
2494.523287
2520.879690
2547.236093
2573.592496
2599.948899
2626.305302
2652.661705
2679.018108
2705.374511
2731.730914
2758.087317
2784.443720
2810.800123
2837.156526
2863.512929
2889.869332
2916.225735
2942.582137
2968.938540
2995.294943
3021.651346
3048.007749
3074.364152
3100.720555
3127.076958
3153.433361
3173.626693
3193.306436
3212.986179
3232.665922
3252.345664
3272.025407
3291.705150
3311.384893
3331.064636
3350.744379
3370.424121
3390.103864
3409.783607
3429.463350
3449.143093
3468.822835
3488.502578
3508.182321
3527.862064
3547.541807
3567.221550
3586.901292
3606.581035
3626.260778
3645.940521
3665.620264
3685.300006
3704.979749
3724.659492
3744.339235
3764.018978
3783.698720
3797.606380
3810.665203
3823.724027
3836.782850
3849.841674
3862.900497
3875.959321
3889.018144
3902.076968
3915.135791
3928.194615
3941.253438
3954.312262
3967.371085
3980.429909
3993.488732
4006.547556
4019.606379
4032.665203
4045.724026
4058.782850
4071.841673
4084.900497
4097.959320
4111.018144
4124.076967
4137.135791
4150.194614
4163.253438
4176.312262
4189.371085
4202.429909
4208.973922
4214.092821
4219.211720
4224.330618
4229.449517
4234.568416
4239.687315
4244.806214
4249.925113
4255.044011
4260.162910
4265.281809
4270.400708
4275.519607
4280.638506
4285.757404
4290.876303
4295.995202
4301.114101
4306.233000
4311.351898
4316.470797
4321.589696
4326.708595
4331.827494
4336.946393
4342.065291
4347.184190
4352.303089
4357.421988
4362.540887
4367.659785
4363.737631
4357.103160
4350.468690
4343.834220
4337.199749
4330.565279
4323.930808
4317.296338
4310.661867
4304.027397
4297.392926
4290.758456
4284.123985
4277.489515
4270.855044
4264.220574
4257.586103
4250.951633
4244.317162
4237.682692
4231.048221
4224.413751
4217.779280
4211.144810
4204.510339
4197.875869
4191.241398
4184.606928
4177.972458
4171.337987
4164.703517
4158.069046
4143.515866
4125.851764
4108.187662
4090.523561
4072.859459
4055.195357
4037.531255
4019.867153
4002.203052
3984.538950
3966.874848
3949.210746
3931.546644
3913.882543
3896.218441
3878.554339
3860.890237
3843.226135
3825.562034
3807.897932
3790.233830
3772.569728
3754.905626
3737.241525
3719.577423
3701.913321
3684.249219
3666.585117
3648.921016
3631.256914
3613.592812
3595.928710
3575.309295
3553.212224
3531.115153
3509.018082
3486.921010
3464.823939
3442.726868
3420.629797
3398.532725
3376.435654
3354.338583
3332.241512
3310.144440
3288.047369
3265.950298
3243.853227
3221.756155
3199.659084
3177.562013
3155.464942
3133.367870
3111.270799
3089.173728
3067.076657
3044.979585
3022.882514
3000.785443
2978.688371
2956.591300
2934.494229
2912.397158
2890.300086
2868.871102
2847.859673
2826.848243
2805.836813
2784.825384
2763.813954
2742.802524
2721.791094
2700.779665
2679.768235
2658.756805
2637.745376
2616.733946
2595.722516
2574.711087
2553.699657
2532.688227
2511.676798
2490.665368
2469.653938
2448.642508
2427.631079
2406.619649
2385.608219
2364.596790
2343.585360
2322.573930
2301.562501
2280.551071
2259.539641
2238.528211
2217.516782
2198.160791
2180.084004
2162.007216
2143.930429
2125.853641
2107.776854
2089.700066
2071.623279
2053.546491
2035.469704
2017.392916
1999.316129
1981.239341
1963.162554
1945.085766
1927.008979
1908.932191
1890.855404
1872.778616
1854.701829
1836.625042
1818.548254
1800.471467
1782.394679
1764.317892
1746.241104
1728.164317
1710.087529
1692.010742
1673.933954
1655.857167
1637.780379
1621.530286
1607.015554
1592.500821
1577.986088
1563.471356
1548.956623
1534.441890
1519.927158
1505.412425
1490.897692
1476.382960
1461.868227
1447.353494
1432.838761
1418.324029
1403.809296
1389.294563
1374.779831
1360.265098
1345.750365
1331.235633
1316.720900
1302.206167
1287.691435
1273.176702
1258.661969
1244.147237
1229.632504
1215.117771
1200.603038
1186.088306
1171.573573
1158.466247
1147.000896
1135.535544
1124.070193
1112.604842
1101.139490
1089.674139
1078.208788
1066.743436
1055.278085
1043.812733
1032.347382
1020.882031
1009.416679
997.951328
986.485977
975.020625
963.555274
952.089922
940.624571
929.159220
917.693868
906.228517
894.763166
883.297814
871.832463
860.367111
848.901760
837.436409
825.971057
814.505706
803.040355
792.407418
782.971079
773.534739
764.098399
754.662060
745.225720
735.789380
726.353041
716.916701
707.480361
698.044021
688.607682
679.171342
669.735002
660.298663
650.862323
641.425983
631.989644
622.553304
613.116964
603.680625
594.244285
584.807945
575.371606
565.935266
556.498926
547.062587
537.626247
528.189907
518.753568
509.317228
499.880888
491.383159
484.561521
477.739883
470.918245
464.096606
457.274968
450.453330
443.631691
436.810053
429.988415
423.166776
416.345138
409.523500
402.701862
395.880223
389.058585
382.236947
375.415308
368.593670
361.772032
354.950394
348.128755
341.307117
334.485479
327.663840
320.842202
314.020564
307.198925
300.377287
293.555649
286.734011
279.912372
274.039466
270.301205
266.562945
262.824684
259.086424
255.348164
251.609903
247.871643
244.133383
240.395122
236.656862
232.918601
229.180341
225.442081
221.703820
217.965560
214.227300
210.489039
206.750779
203.012518
199.274258
195.535998
191.797737
188.059477
184.321216
180.582956
176.844696
173.106435
169.368175
165.629915
161.891654
158.153394
154.790371
152.515539
150.240706
147.965874
145.691041
143.416209
141.141376
138.866544
136.591711
134.316879
132.042047
129.767214
127.492382
125.217549
122.942717
120.667884
118.393052
116.118219
113.843387
111.568554
109.293722
107.018889
104.744057
102.469224
100.194392
97.919559
95.644727
93.369894
91.095062
88.820229
86.545397
84.270564
82.059304
80.094384
78.129465
76.164546
74.199626
72.234707
70.269787
68.304868
66.339949
64.375029
62.410110
60.445190
58.480271
56.515352
54.550432
52.585513
50.620593
48.655674
46.690755
44.725835
42.760916
40.795996
38.831077
36.866158
34.901238
32.936319
30.971399
29.006480
27.041561
25.076641
23.111722
21.146802
19.337898
18.387077
17.436256
16.485435
15.534614
14.583792
13.632971
12.682150
11.731329
10.780508
9.829687
8.878865
7.928044
6.977223
6.026402
5.075581
4.124760
3.173939
2.223117
1.272296
0.321475
-0.629346
-1.580167
-2.530988
-3.481809
-4.432631
-5.383452
-6.334273
-7.285094
-8.235915
-9.186736
-10.137558
-10.987074
-10.950179
-10.913283
-10.876387
-10.839492
-10.802596
-10.765700
-10.728805
-10.691909
-10.655013
-10.618118
-10.581222
-10.544326
-10.507431
-10.470535
-10.433639
-10.396744
-10.359848
-10.322952
-10.286056
-10.249161
-10.212265
-10.175369
-10.138474
-10.101578
-10.064682
-10.027787
-9.990891
-9.953995
-9.917100
-9.880204
-9.843308
-9.812060
-9.885283
-9.958506
-10.031728
-10.104951
-10.178174
-10.251397
-10.324620
-10.397843
-10.471066
-10.544289
-10.617512
-10.690735
-10.763958
-10.837181
-10.910404
-10.983627
-11.056849
-11.130072
-11.203295
-11.276518
-11.349741
-11.422964
-11.496187
-11.569410
-11.642633
-11.715856
-11.789079
-11.862302
-11.935525
-12.008748
-12.081970
-12.155193
-12.280371
-12.405549
-12.530727
-12.655905
-12.781082
-12.906260
-13.031438
-13.156616
-13.281794
-13.406972
-13.532149
-13.657327
-13.782505
-13.907683
-14.032861
-14.158038
-14.283216
-14.408394
-14.533572
-14.658750
-14.783927
-14.909105
-15.034283
-15.159461
-15.284639
-15.409817
-15.534994
-15.660172
-15.785350
-15.910528
-16.035706
-16.160883
-16.506562
-16.864160
-17.221757
-17.579355
-17.936952
-18.294550
-18.652147
-19.009745
-19.367342
-19.724940
-20.082537
-20.440135
-20.797732
-21.155330
-21.512927
-21.870525
-22.228123
-22.585720
-22.943318
-23.300915
-23.658513
-24.016110
-24.373708
-24.731305
-25.088903
-25.446500
-25.804098
-26.161695
-26.519293
-26.876891
-27.234488
-27.592086
-29.347007
-31.261623
-33.176239
-35.090855
-37.005470
-38.920086
-40.834702
-42.749318
-44.663933
-46.578549
-48.493165
-50.407781
-52.322397
-54.237012
-56.151628
-58.066244
-59.980860
-61.895476
-63.810091
-65.724707
-67.639323
-69.553939
-71.468555
-73.383170
-75.297786
-77.212402
-79.127018
-81.041633
-82.956249
-84.870865
-86.785481
-88.700097
-90.330799
-91.909880
-93.488962
-95.068044
-96.647125
-98.226207
-99.805288
-101.384370
-102.963451
-104.542533
-106.121615
-107.700696
-109.279778
-110.858859
-112.437941
-114.017022
-115.596104
-117.175186
-118.754267
-120.333349
-121.912430
-123.491512
-125.070594
-126.649675
-128.228757
-129.807838
-131.386920
-132.966001
-134.545083
-136.124165
-137.703246
-139.282328
-138.165757
-136.353534
-134.541311
-132.729087
-130.916864
-129.104641
-127.292418
-125.480195
-123.667972
-121.855749
-120.043525
-118.231302
-116.419079
-114.606856
-112.794633
-110.982410
-109.170187
-107.357964
-105.545740
-103.733517
-101.921294
-100.109071
-98.296848
-96.484625
-94.672402
-92.860178
-91.047955
-89.235732
-87.423509
-85.611286
-83.799063
-81.986840
-80.020024
-77.999901
-75.979777
-73.959654
-71.939530
-69.919407
-67.899283
-65.879160
-63.859036
-61.838913
-59.818789
-57.798666
-55.778542
-53.758419
-51.738295
-49.718172
-47.698048
-45.677925
-43.657801
-41.637678
-39.617555
-37.597431
-35.577308
-33.557184
-31.537061
-29.516937
-27.496814
-25.476690
-23.456567
-21.436443
-19.416320
-17.396196
-16.988095
-17.296447
-17.604800
-17.913152
-18.221504
-18.529857
-18.838209
-19.146562
-19.454914
-19.763267
-20.071619
-20.379972
-20.688324
-20.996677
-21.305029
-21.613381
-21.921734
-22.230086
-22.538439
-22.846791
-23.155144
-23.463496
-23.771849
-24.080201
-24.388554
-24.696906
-25.005258
-25.313611
-25.621963
-25.930316
-26.238668
-26.547021
-26.657711
-26.657711
-26.657711
-26.657711
-26.657711
-26.657711
-26.657711
-26.657711
-26.657711
-26.657711
-26.657711
-26.657711
