dt	dhsl	Mode	pCa
0.001	0	-2	6.72043
0.001	0	-2	6.72043
0.001	0	-2	6.72043
0.001	0	-2	6.72043
0.001	0	-2	6.72043
0.001	0	-2	6.72043
0.001	0	-2	6.72043
0.001	0	-2	6.72043
0.001	0	-2	6.72043
0.001	0	-2	6.72043
0.001	0	-2	6.72043
0.001	0	-2	6.72043
0.001	0	-2	6.72043
0.001	0	-2	6.72043
0.001	0	-2	6.72043
0.001	0	-2	6.72043
0.001	0	-2	6.72043
0.001	0	-2	6.72043
0.001	0	-2	6.72043
0.001	0	-2	6.72043
0.001	0	-2	6.72043
0.001	0	-2	6.72043
0.001	0	-2	6.72043
0.001	0	-2	6.72043
0.001	0	-2	6.72043
0.001	0	-2	6.72043
0.001	0	-2	6.72043
0.001	0	-2	6.72043
0.001	0	-2	6.72043
0.001	0	-2	6.72043
0.001	0	-2	6.72043
0.001	0	-2	6.72043
0.001	0	-2	6.72043
0.001	0	-2	6.72043
0.001	0	-2	6.72043
0.001	0	-2	6.72043
0.001	0	-2	6.72043
0.001	0	-2	6.72043
0.001	0	-2	6.72043
0.001	0	-2	6.72043
0.001	0	-2	6.72043
0.001	0	-2	6.72043
0.001	0	-2	6.72043
0.001	0	-2	6.72043
0.001	0	-2	6.72043
0.001	0	-2	6.72043
0.001	0	-2	6.72043
0.001	0	-2	6.72043
0.001	0	-2	6.72043
0.001	0	-2	6.72043
0.001	0	-2	6.72043
0.001	0	-2	6.72043
0.001	0	-2	6.72043
0.001	0	-2	6.72043
0.001	0	-2	6.72043
0.001	0	-2	6.72043
0.001	0	-2	6.72043
0.001	0	-2	6.72043
0.001	0	-2	6.72043
0.001	0	-2	6.72043
0.001	0	-2	6.72043
0.001	0	-2	6.72043
0.001	0	-2	6.72043
0.001	0	-2	6.72043
0.001	0	-2	6.72043
0.001	0	-2	6.72043
0.001	0	-2	6.72043
0.001	0	-2	6.72043
0.001	0	-2	6.72043
0.001	0	-2	6.72043
0.001	0	-2	6.72043
0.001	0	-2	6.72043
0.001	0	-2	6.72043
0.001	0	-2	6.72043
0.001	0	-2	6.72043
0.001	0	-2	6.72043
0.001	0	-2	6.72043
0.001	0	-2	6.72043
0.001	0	-2	6.72043
0.001	0	-2	6.72043
0.001	0	-2	6.72043
0.001	0	-2	6.72043
0.001	0	-2	6.72043
0.001	0	-2	6.72043
0.001	0	-2	6.72043
0.001	0	-2	6.72043
0.001	0	-2	6.72043
0.001	0	-2	6.72043
0.001	0	-2	6.72043
0.001	0	-2	6.72043
0.001	0	-2	6.72043
0.001	0	-2	6.72043
0.001	0	-2	6.72043
0.001	0	-2	6.72043
0.001	0	-2	6.72043
0.001	0	-2	6.72043
0.001	0	-2	6.72043
0.001	0	-2	6.72043
0.001	0	-2	6.72043
0.001	0	-2	6.72043
0.001	0	-2	6.72043
0.001	0	-2	6.72043
0.001	0	-2	6.72043
0.001	0	-2	6.72043
0.001	0	-2	6.72043
0.001	0	-2	6.72043
0.001	0	-2	6.72043
0.001	0	-2	6.72043
0.001	0	-2	6.72043
0.001	0	-2	6.72043
0.001	0	-2	6.72043
0.001	0	-2	6.72043
0.001	0	-2	6.72043
0.001	0	-2	6.72043
0.001	0	-2	6.72043
0.001	0	-2	6.72043
0.001	0	-2	6.72043
0.001	0	-2	6.72043
0.001	0	-2	6.72043
0.001	0	-2	6.72043
0.001	0	-2	6.72043
0.001	0	-2	6.72043
0.001	0	-2	6.72043
0.001	0	-2	6.72043
0.001	0	-2	6.72043
0.001	0	-2	6.72043
0.001	0	-2	6.72043
0.001	0	-2	6.72043
0.001	0	-2	6.72043
0.001	0	-2	6.72043
0.001	0	-2	6.72043
0.001	0	-2	6.72043
0.001	0	-2	6.72043
0.001	0	-2	6.72043
0.001	0	-2	6.72043
0.001	0	-2	6.72043
0.001	0	-2	6.72043
0.001	0	-2	6.72043
0.001	0	-2	6.72043
0.001	0	-2	6.72043
0.001	0	-2	6.72043
0.001	0	-2	6.72043
0.001	0	-2	6.72043
0.001	0	-2	6.72043
0.001	0	-2	6.72043
0.001	0	-2	6.72043
0.001	0	-2	6.72043
0.001	0	-2	6.72043
0.001	0	-2	6.72043
0.001	0	-2	6.72043
0.001	0	-2	6.72043
0.001	0	-2	6.72043
0.001	0	-2	6.72043
0.001	0	-2	6.72043
0.001	0	-2	6.72043
0.001	0	-2	6.72043
0.001	0	-2	6.72043
0.001	0	-2	6.72043
0.001	0	-2	6.72043
0.001	0	-2	6.72043
0.001	0	-2	6.72043
0.001	0	-2	6.72043
0.001	0	-2	6.72043
0.001	0	-2	6.72043
0.001	0	-2	6.72043
0.001	0	-2	6.72043
0.001	0	-2	6.72043
0.001	0	-2	6.72043
0.001	0	-2	6.72043
0.001	0	-2	6.72043
0.001	0	-2	6.72043
0.001	0	-2	6.72043
0.001	0	-2	6.72043
0.001	0	-2	6.72043
0.001	0	-2	6.72043
0.001	0	-2	6.72043
0.001	0	-2	6.72043
0.001	0	-2	6.72043
0.001	0	-2	6.72043
0.001	0	-2	6.72043
0.001	0	-2	6.72043
0.001	0	-2	6.72043
0.001	0	-2	6.72043
0.001	0	-2	6.72043
0.001	0	-2	6.72043
0.001	0	-2	6.72043
0.001	0	-2	6.72043
0.001	0	-2	6.72043
0.001	0	-2	6.72043
0.001	0	-2	6.72043
0.001	0	-2	6.72043
0.001	0	-2	6.72043
0.001	0	-2	6.72043
0.001	0	-2	6.72043
0.001	0	-2	6.72043
0.001	0	-2	6.72043
0.001	0	-2	6.72043
0.001	0	-2	6.72043
0.001	0	-2	6.72043
0.001	0	-2	6.72043
0.001	0	-2	6.72043
0.001	0	-2	6.72043
0.001	0	-2	6.72043
0.001	0	-2	6.72043
0.001	0	-2	6.72043
0.001	0	-2	6.72043
0.001	0	-2	6.72043
0.001	0	-2	6.72043
0.001	0	-2	6.72043
0.001	0	-2	6.72043
0.001	0	-2	6.72043
0.001	0	-2	6.72043
0.001	0	-2	6.72043
0.001	0	-2	6.72043
0.001	0	-2	6.72043
0.001	0	-2	6.72043
0.001	0	-2	6.72043
0.001	0	-2	6.72043
0.001	0	-2	6.72043
0.001	0	-2	6.72043
0.001	0	-2	6.72043
0.001	0	-2	6.72043
0.001	0	-2	6.72043
0.001	0	-2	6.72043
0.001	0	-2	6.72043
0.001	0	-2	6.72043
0.001	0	-2	6.72043
0.001	0	-2	6.72043
0.001	0	-2	6.72043
0.001	0	-2	6.72043
0.001	0	-2	6.72043
0.001	0	-2	6.72043
0.001	0	-2	6.72043
0.001	0	-2	6.72043
0.001	0	-2	6.72043
0.001	0	-2	6.72043
0.001	0	-2	6.72043
0.001	0	-2	6.72043
0.001	0	-2	6.72043
0.001	0	-2	6.72043
0.001	0	-2	6.72043
0.001	0	-2	6.72043
0.001	0	-2	6.72043
0.001	0	-2	6.72043
0.001	0	-2	6.72043
0.001	0	-2	6.72043
0.001	0	-2	6.72043
0.001	0	-2	6.72043
0.001	0	-2	6.72043
0.001	0	-2	6.72043
0.001	0	-2	6.72043
0.001	0	-2	6.72043
0.001	0	-2	6.72043
0.001	0	-2	6.72043
0.001	0	-2	6.72043
0.001	0	-2	6.72043
0.001	0	-2	6.72043
0.001	0	-2	6.72043
0.001	0	-2	6.72043
0.001	0	-2	6.72043
0.001	0	-2	6.72043
0.001	0	-2	6.72043
0.001	0	-2	6.72043
0.001	0	-2	6.72043
0.001	0	-2	6.72043
0.001	0	-2	6.72043
0.001	0	-2	6.72043
0.001	0	-2	6.72043
0.001	0	-2	6.72043
0.001	0	-2	6.72043
0.001	0	-2	6.72043
0.001	0	-2	6.72043
0.001	0	-2	6.72043
0.001	0	-2	6.72043
0.001	0	-2	6.72043
0.001	0	-2	6.72043
0.001	0	-2	6.72043
0.001	0	-2	6.72043
0.001	0	-2	6.72043
0.001	0	-2	6.72043
0.001	0	-2	6.72043
0.001	0	-2	6.72043
0.001	0	-2	6.72043
0.001	0	-2	6.72043
0.001	0	-2	6.72043
0.001	0	-2	6.72043
0.001	0	-2	6.72043
0.001	0	-2	6.72043
0.001	0	-2	6.72043
0.001	0	-2	6.72043
0.001	0	-2	6.72043
0.001	0	-2	6.72043
0.001	0	-2	6.72043
0.001	0	-2	6.72043
0.001	0	-2	6.72043
0.001	0	-2	6.72043
0.001	0	-2	6.72043
0.001	0	-2	6.72043
0.001	0	-2	6.72043
0.001	0	-2	6.72043
0.001	0	-2	6.72043
0.001	0	-2	6.72043
0.001	0	-2	6.72043
0.001	0	-2	6.72043
0.001	0	-2	6.72043
0.001	0	-2	6.72043
0.001	0	-2	6.72043
0.001	0	-2	6.72043
0.001	0	-2	6.72043
0.001	0	-2	6.72043
0.001	0	-2	6.72043
0.001	0	-2	6.72043
0.001	0	-2	6.72043
0.001	0	-2	6.72043
0.001	0	-2	6.72043
0.001	0	-2	6.72043
0.001	0	-2	6.72043
0.001	0	-2	6.72043
0.001	0	-2	6.72043
0.001	0	-2	6.72043
0.001	0	-2	6.72043
0.001	0	-2	6.72043
0.001	0	-2	6.72043
0.001	0	-2	6.72043
0.001	0	-2	6.72043
0.001	0	-2	6.72043
0.001	0	-2	6.72043
0.001	0	-2	6.72043
0.001	0	-2	6.72043
0.001	0	-2	6.72043
0.001	0	-2	6.72043
0.001	0	-2	6.72043
0.001	0	-2	6.72043
0.001	0	-2	6.72043
0.001	0	-2	6.72043
0.001	0	-2	6.72043
0.001	0	-2	6.72043
0.001	0	-2	6.72043
0.001	0	-2	6.72043
0.001	0	-2	6.72043
0.001	0	-2	6.72043
0.001	0	-2	6.72043
0.001	0	-2	6.72043
0.001	0	-2	6.72043
0.001	0	-2	6.72043
0.001	0	-2	6.72043
0.001	0	-2	6.72043
0.001	0	-2	6.72043
0.001	0	-2	6.72043
0.001	0	-2	6.72043
0.001	0	-2	6.72043
0.001	0	-2	6.72043
0.001	0	-2	6.72043
0.001	0	-2	6.72043
0.001	0	-2	6.72043
0.001	0	-2	6.72043
0.001	0	-2	6.72043
0.001	0	-2	6.72043
0.001	0	-2	6.72043
0.001	0	-2	6.72043
0.001	0	-2	6.72043
0.001	0	-2	6.72043
0.001	0	-2	6.72043
0.001	0	-2	6.72043
0.001	0	-2	6.72043
0.001	0	-2	6.72043
0.001	0	-2	6.72043
0.001	0	-2	6.72043
0.001	0	-2	6.72043
0.001	0	-2	6.72043
0.001	0	-2	6.72043
0.001	0	-2	6.72043
0.001	0	-2	6.72043
0.001	0	-2	6.72043
0.001	0	-2	6.72043
0.001	0	-2	6.72043
0.001	0	-2	6.72043
0.001	0	-2	6.72043
0.001	0	-2	6.72043
0.001	0	-2	6.72043
0.001	0	-2	6.72043
0.001	0	-2	6.72043
0.001	0	-2	6.72043
0.001	0	-2	6.72043
0.001	0	-2	6.72043
0.001	0	-2	6.72043
0.001	0	-2	6.72043
0.001	0	-2	6.72043
0.001	0	-2	6.72043
0.001	0	-2	6.72043
0.001	0	-2	6.72043
0.001	0	-2	6.72043
0.001	0	-2	6.72043
0.001	0	-2	6.72043
0.001	0	-2	6.72043
0.001	0	-2	6.72043
0.001	0	-2	6.72043
0.001	0	-2	6.72043
0.001	0	-2	6.72043
0.001	0	-2	6.72043
0.001	0	-2	6.72043
0.001	0	-2	6.72043
0.001	0	-2	6.72043
0.001	0	-2	6.72043
0.001	0	-2	6.72043
0.001	0	-2	6.72043
0.001	0	-2	6.72043
0.001	0	-2	6.72043
0.001	0	-2	6.72043
0.001	0	-2	6.72043
0.001	0	-2	6.72043
0.001	0	-2	6.72043
0.001	0	-2	6.72043
0.001	0	-2	6.72043
0.001	0	-2	6.72043
0.001	0	-2	6.72043
0.001	0	-2	6.72043
0.001	0	-2	6.72043
0.001	0	-2	6.72043
0.001	0	-2	6.72043
0.001	0	-2	6.72043
0.001	0	-2	6.72043
0.001	0	-2	6.72043
0.001	0	-2	6.72043
0.001	0	-2	6.72043
0.001	0	-2	6.72043
0.001	0	-2	6.72043
0.001	0	-2	6.72043
0.001	0	-2	6.72043
0.001	0	-2	6.72043
0.001	0	-2	6.72043
0.001	0	-2	6.72043
0.001	0	-2	6.72043
0.001	0	-2	6.72043
0.001	0	-2	6.72043
0.001	0	-2	6.72043
0.001	0	-2	6.72043
0.001	0	-2	6.72043
0.001	0	-2	6.72043
0.001	0	-2	6.72043
0.001	0	-2	6.72043
0.001	0	-2	6.72043
0.001	0	-2	6.72043
0.001	0	-2	6.72043
0.001	0	-2	6.72043
0.001	0	-2	6.72043
0.001	0	-2	6.72043
0.001	0	-2	6.72043
0.001	0	-2	6.72043
0.001	0	-2	6.72043
0.001	0	-2	6.72043
0.001	0	-2	6.72043
0.001	0	-2	6.72043
0.001	0	-2	6.72043
0.001	0	-2	6.72043
0.001	0	-2	6.72043
0.001	0	-2	6.72043
0.001	0	-2	6.72043
0.001	0	-2	6.72043
0.001	0	-2	6.72043
0.001	0	-2	6.72043
0.001	0	-2	6.72043
0.001	0	-2	6.72043
0.001	0	-2	6.72043
0.001	0	-2	6.72043
0.001	0	-2	6.72043
0.001	0	-2	6.72043
0.001	0	-2	6.72043
0.001	0	-2	6.72043
0.001	0	-2	6.72043
0.001	0	-2	6.72043
0.001	0	-2	6.72043
0.001	0	-2	6.72043
0.001	0	-2	6.72043
0.001	0	-2	6.72043
0.001	0	-2	6.72043
0.001	0	-2	6.72043
0.001	0	-2	6.72043
0.001	0	-2	6.72043
0.001	0	-2	6.72043
0.001	0	-2	6.72043
0.001	0	-2	6.72043
0.001	0	-2	6.72043
0.001	0	-2	6.72043
0.001	0	-2	6.72043
0.001	0	-2	6.72043
0.001	0	-2	6.72043
0.001	0	-2	6.72043
0.001	0	-2	6.72043
0.001	0	-2	6.72043
0.001	0	-2	6.72043
0.001	0	-2	6.72043
0.001	0	-2	6.72043
0.001	0	-2	6.72043
0.001	0	-2	6.72043
0.001	0	-2	6.72043
0.001	0	-2	6.72043
0.001	0	-2	6.72043
0.001	0	-2	6.72043
0.001	0	-2	6.72043
0.001	0	-2	6.72043
0.001	0	-2	6.72043
0.001	0	-2	6.72043
0.001	0	-2	6.72043
0.001	0	-2	6.72043
0.001	0	-2	6.72043
0.001	0	-2	6.72043
0.001	0	-2	6.72043
0.001	0	-2	6.72043
0.001	0	-2	6.72043
0.001	0	-2	6.72043
0.001	0	-2	6.72043
0.001	0	-2	6.72043
0.001	0	-2	6.72043
0.001	0	-2	6.72043
0.001	0	-2	6.72043
0.001	0	-2	6.72043
0.001	0	-2	6.72043
0.001	0	-2	6.72043
0.001	0	-2	6.72043
0.001	0	-2	6.72043
0.001	0	-2	6.72043
0.001	0	-2	6.72043
0.001	0	-2	6.72043
0.001	0	-2	6.72043
0.001	0	-2	6.72043
0.001	0	-2	6.72043
0.001	0	-2	6.72043
0.001	0	-2	6.72043
0.001	0	-2	6.72043
0.001	0	-2	6.72043
0.001	0	-2	6.72043
0.001	0	-2	6.72043
0.001	0	-2	6.72043
0.001	0	-2	6.72043
0.001	0	-2	6.72043
0.001	0	-2	6.72043
0.001	0	-2	6.72043
0.001	0	-2	6.72043
0.001	0	-2	6.72043
0.001	0	-2	6.72043
0.001	0	-2	6.72043
0.001	0	-2	6.72043
0.001	0	-2	6.72043
0.001	0	-2	6.72043
0.001	0	-2	6.72043
0.001	0	-2	6.72043
0.001	0	-2	6.72043
0.001	0	-2	6.72043
0.001	0	-2	6.72043
0.001	0	-2	6.72043
0.001	0	-2	6.72043
0.001	0	-2	6.72043
0.001	0	-2	6.72043
0.001	0	-2	6.72043
0.001	0	-2	6.72043
0.001	0	-2	6.72043
0.001	0	-2	6.72043
0.001	0	-2	6.72043
0.001	0	-2	6.72043
0.001	0	-2	6.72043
0.001	0	-2	6.72043
0.001	0	-2	6.72043
0.001	0	-2	6.72043
0.001	0	-2	6.72043
0.001	0	-2	6.72043
0.001	0	-2	6.72043
0.001	0	-2	6.72043
0.001	0	-2	6.72043
0.001	0	-2	6.72043
0.001	0	-2	6.72043
0.001	0	-2	6.72043
0.001	0	-2	6.72043
0.001	0	-2	6.72043
0.001	0	-2	6.72043
0.001	0	-2	6.72043
0.001	0	-2	6.72043
0.001	0	-2	6.72043
0.001	0	-2	6.72043
0.001	0	-2	6.72043
0.001	0	-2	6.72043
0.001	0	-2	6.72043
0.001	0	-2	6.72043
0.001	0	-2	6.72043
0.001	0	-2	6.72043
0.001	0	-2	6.72043
0.001	0	-2	6.72043
0.001	0	-2	6.72043
0.001	0	-2	6.72043
0.001	0	-2	6.72043
0.001	0	-2	6.72043
0.001	0	-2	6.72043
0.001	0	-2	6.72043
0.001	0	-2	6.72043
0.001	0	-2	6.72043
0.001	0	-2	6.72043
0.001	0	-2	6.72043
0.001	0	-2	6.72043
0.001	0	-2	6.72043
0.001	0	-2	6.72043
0.001	0	-2	6.72043
0.001	0	-2	6.72043
0.001	0	-2	6.72043
0.001	0	-2	6.72043
0.001	0	-2	6.72043
0.001	0	-2	6.72043
0.001	0	-2	6.72043
0.001	0	-2	6.72043
0.001	0	-2	6.72043
0.001	0	-2	6.72043
0.001	0	-2	6.72043
0.001	0	-2	6.72043
0.001	0	-2	6.72043
0.001	0	-2	6.72043
0.001	0	-2	6.72043
0.001	0	-2	6.72043
0.001	0	-2	6.72043
0.001	0	-2	6.72043
0.001	0	-2	6.72043
0.001	0	-2	6.72043
0.001	0	-2	6.72043
0.001	0	-2	6.72043
0.001	0	-2	6.72043
0.001	0	-2	6.72043
0.001	0	-2	6.72043
0.001	0	-2	6.72043
0.001	0	-2	6.72043
0.001	0	-2	6.72043
0.001	0	-2	6.72043
0.001	0	-2	6.72043
0.001	0	-2	6.72043
0.001	0	-2	6.72043
0.001	0	-2	6.72043
0.001	0	-2	6.72043
0.001	0	-2	6.72043
0.001	0	-2	6.72043
0.001	0	-2	6.72043
0.001	0	-2	6.72043
0.001	0	-2	6.72043
0.001	0	-2	6.72043
0.001	0	-2	6.72043
0.001	0	-2	6.72043
0.001	0	-2	6.72043
0.001	0	-2	6.72043
0.001	0	-2	6.72043
0.001	0	-2	6.72043
0.001	0	-2	6.72043
0.001	0	-2	6.72043
0.001	0	-2	6.72043
0.001	0	-2	6.72043
0.001	0	-2	6.72043
0.001	0	-2	6.72043
0.001	0	-2	6.72043
0.001	0	-2	6.72043
0.001	0	-2	6.72043
0.001	0	-2	6.72043
0.001	0	-2	6.72043
0.001	0	-2	6.72043
0.001	0	-2	6.72043
0.001	0	-2	6.72043
0.001	0	-2	6.72043
0.001	0	-2	6.72043
0.001	0	-2	6.72043
0.001	0	-2	6.72043
0.001	0	-2	6.72043
0.001	0	-2	6.72043
0.001	0	-2	6.72043
0.001	0	-2	6.72043
0.001	0	-2	6.72043
0.001	0	-2	6.72043
0.001	0	-2	6.72043
0.001	0	-2	6.72043
0.001	0	-2	6.72043
0.001	0	-2	6.72043
0.001	0	-2	6.72043
0.001	0	-2	6.72043
0.001	0	-2	6.72043
0.001	0	-2	6.72043
0.001	0	-2	6.72043
0.001	0	-2	6.72043
0.001	0	-2	6.72043
0.001	0	-2	6.72043
0.001	0	-2	6.72043
0.001	0	-2	6.72043
0.001	0	-2	6.72043
0.001	0	-2	6.72043
0.001	0	-2	6.72043
0.001	0	-2	6.72043
0.001	0	-2	6.72043
0.001	0	-2	6.72043
0.001	0	-2	6.72043
0.001	0	-2	6.72043
0.001	0	-2	6.72043
0.001	0	-2	6.72043
0.001	0	-2	6.72043
0.001	0	-2	6.72043
0.001	0	-2	6.72043
0.001	0	-2	6.72043
0.001	0	-2	6.72043
0.001	0	-2	6.72043
0.001	0	-2	6.72043
0.001	0	-2	6.72043
0.001	0	-2	6.72043
0.001	0	-2	6.72043
0.001	0	-2	6.72043
0.001	0	-2	6.72043
0.001	0	-2	6.72043
0.001	0	-2	6.72043
0.001	0	-2	6.72043
0.001	0	-2	6.72043
0.001	0	-2	6.72043
0.001	0	-2	6.72043
0.001	0	-2	6.72043
0.001	0	-2	6.72043
0.001	0	-2	6.72043
0.001	0	-2	6.72043
0.001	0	-2	6.72043
0.001	0	-2	6.72043
0.001	0	-2	6.72043
0.001	0	-2	6.72043
0.001	0	-2	6.72043
0.001	0	-2	6.72043
0.001	0	-2	6.72043
0.001	0	-2	6.72043
0.001	0	-2	6.72043
0.001	0	-2	6.72043
0.001	0	-2	6.72043
0.001	0	-2	6.72043
0.001	0	-2	6.72043
0.001	0	-2	6.72043
0.001	0	-2	6.72043
0.001	0	-2	6.72043
0.001	0	-2	6.72043
0.001	0	-2	6.72043
0.001	0	-2	6.72043
0.001	0	-2	6.72043
0.001	0	-2	6.72043
0.001	0	-2	6.72043
0.001	0	-2	6.72043
0.001	0	-2	6.72043
0.001	0	-2	6.72043
0.001	0	-2	6.72043
0.001	0	-2	6.72043
0.001	0	-2	6.72043
0.001	0	-2	6.72043
0.001	0	-2	6.72043
0.001	0	-2	6.72043
0.001	0	-2	6.72043
0.001	0	-2	6.72043
0.001	0	-2	6.72043
0.001	0	-2	6.72043
0.001	0	-2	6.72043
0.001	0	-2	6.72043
0.001	0	-2	6.72043
0.001	0	-2	6.72043
0.001	0	-2	6.72043
0.001	0	-2	6.72043
0.001	0	-2	6.72043
0.001	0	-2	6.72043
0.001	0	-2	6.72043
0.001	0	-2	6.72043
0.001	0	-2	6.72043
0.001	0	-2	6.72043
0.001	0	-2	6.72043
0.001	0	-2	6.72043
0.001	0	-2	6.72043
0.001	0	-2	6.72043
0.001	0	-2	6.72043
0.001	0	-2	6.72043
0.001	0	-2	6.72043
0.001	0	-2	6.72043
0.001	0	-2	6.72043
0.001	0	-2	6.72043
0.001	0	-2	6.72043
0.001	0	-2	6.72043
0.001	0	-2	6.72043
0.001	0	-2	6.72043
0.001	0	-2	6.72043
0.001	0	-2	6.72043
0.001	0	-2	6.72043
0.001	0	-2	6.72043
0.001	0	-2	6.72043
0.001	0	-2	6.72043
0.001	0	-2	6.72043
0.001	0	-2	6.72043
0.001	0	-2	6.72043
0.001	0	-2	6.72043
0.001	0	-2	6.72043
0.001	0	-2	6.72043
0.001	0	-2	6.72043
0.001	0	-2	6.72043
0.001	0	-2	6.72043
0.001	0	-2	6.72043
0.001	0	-2	6.72043
0.001	0	-2	6.72043
0.001	0	-2	6.72043
0.001	0	-2	6.72043
0.001	0	-2	6.72043
0.001	0	-2	6.72043
0.001	0	-2	6.72043
0.001	0	-2	6.72043
0.001	0	-2	6.72043
0.001	0	-2	6.72043
0.001	0	-2	6.72043
0.001	0	-2	6.72043
0.001	0	-2	6.72043
0.001	0	-2	6.72043
0.001	0	-2	6.72043
0.001	0	-2	6.72043
0.001	0	-2	6.72043
0.001	0	-2	6.72043
0.001	0	-2	6.72043
0.001	0	-2	6.72043
0.001	0	-2	6.72043
0.001	0	-2	6.72043
0.001	0	-2	6.72043
0.001	0	-2	6.72043
0.001	0	-2	6.72043
0.001	0	-2	6.72043
0.001	0	-2	6.72043
0.001	0	-2	6.72043
0.001	0	-2	6.72043
0.001	0	-2	6.72043
0.001	0	-2	6.72043
0.001	0	-2	6.72043
0.001	0	-2	6.72043
0.001	0	-2	6.72043
0.001	0	-2	6.72043
0.001	0	-2	6.72043
0.001	0	-2	6.72043
0.001	0	-2	6.72043
0.001	0	-2	6.72043
0.001	0	-2	6.72043
0.001	0	-2	6.72043
0.001	0	-2	6.72043
0.001	0	-2	6.72043
0.001	0	-2	6.72043
0.001	0	-2	6.72043
0.001	0	-2	6.72043
0.001	0	-2	6.72043
0.001	0	-2	6.72043
0.001	0	-2	6.72043
0.001	0	-2	6.72043
0.001	0	-2	6.72043
0.001	0	-2	6.72043
0.001	0	-2	6.72043
0.001	0	-2	6.72043
0.001	0	-2	6.72043
0.001	0	-2	6.72043
0.001	0	-2	6.72043
0.001	0	-2	6.72043
0.001	0	-2	6.72043
0.001	0	-2	6.72043
0.001	0	-2	6.72043
0.001	0	-2	6.72043
0.001	0	-2	6.72043
0.001	0	-2	6.72043
0.001	0	-2	6.72043
0.001	0	-2	6.72043
0.001	0	-2	6.72043
0.001	0	-2	6.72043
0.001	0	-2	6.72043
0.001	0	-2	6.72043
0.001	0	-2	6.72043
0.001	0	-2	6.72043
0.001	0	-2	6.72043
0.001	0	-2	6.72043
0.001	0	-2	6.72043
0.001	0	-2	6.72043
0.001	0	-2	6.72043
0.001	0	-2	6.72043
0.001	0	-2	6.72043
0.001	0	-2	6.72043
0.001	0	-2	6.72043
0.001	0	-2	6.72043
0.001	0	-2	6.72043
0.001	0	-2	6.72043
0.001	0	-2	6.72043
0.001	0	-2	6.72043
0.001	0	-2	6.72043
0.001	0	-2	6.72043
0.001	0	-2	6.72043
0.001	0	-2	6.72043
0.001	0	-2	6.72043
0.001	0	-2	6.72043
0.001	0	-2	6.72043
0.001	0	-2	6.72043
0.001	0	-2	6.72043
0.001	0	-2	6.72043
0.001	0	-2	6.72043
0.001	0	-2	6.72043
0.001	0	-2	6.72043
0.001	0	-2	6.72043
0.001	0	-2	6.72043
0.001	0	-2	6.72043
0.001	0	-2	6.72043
0.001	0	-2	6.72043
0.001	0	-2	6.72043
0.001	0	-2	6.72043
0.001	0	-2	6.72043
0.001	0	-2	6.72043
0.001	0	-2	6.72043
0.001	0	-2	6.72043
0.001	0	-2	6.72043
0.001	0	-2	6.72043
0.001	0	-2	6.72043
0.001	0	-2	6.72043
0.001	0	-2	6.72043
0.001	0	-2	6.72043
0.001	0	-2	6.72043
0.001	0	-2	6.72043
0.001	0	-2	6.72043
0.001	0	-2	6.72043
0.001	0	-2	6.72043
0.001	0	-2	6.72043
0.001	0	-2	6.72043
0.001	0	-2	6.72043
0.001	0	-2	6.72043
0.001	0	-2	6.72043
0.001	0	-2	6.72043
0.001	0	-2	6.72043
0.001	0	-2	6.72043
0.001	0	-2	6.72043
0.001	0	-2	6.72043
0.001	0	-2	6.72043
0.001	0	-2	6.72043
0.001	0	-2	6.72043
0.001	0	-2	6.72043
0.001	0	-2	6.72043
0.001	0	-2	6.72043
0.001	0	-2	6.72043
0.001	0	-2	6.72043
0.001	0	-2	6.72043
0.001	0	-2	6.72043
0.001	0	-2	6.72043
0.001	0	-2	6.72043
0.001	0	-2	6.72043
0.001	0	-2	6.72043
0.001	0	-2	6.72043
0.001	0	-2	6.72043
0.001	0	-2	6.72043
0.001	0	-2	6.72043
0.001	0	-2	6.72043
0.001	0	-2	6.72043
0.001	0	-2	6.72043
0.001	0	-2	6.72043
0.001	0	-2	6.72043
0.001	0	-2	6.72043
0.001	0	-2	6.72043
0.001	0	-2	6.72043
0.001	0	-2	6.72043
0.001	0	-2	6.72043
0.001	0	-2	6.72043
0.001	0	-2	6.72043
0.001	0	-2	6.72043
0.001	0	-2	6.72043
0.001	0	-2	6.72043
0.001	0	-2	6.72043
0.001	0	-2	6.72043
0.001	0	-2	6.72043
0.001	0	-2	6.72043
0.001	0	-2	6.72043
0.001	0	-2	6.72043
0.001	0	-2	6.72043
0.001	0	-2	6.72043
0.001	0	-2	6.72043
0.001	0	-2	6.72043
0.001	0	-2	6.72043
0.001	0	-2	6.72043
0.001	0	-2	6.72043
0.001	0	-2	6.72043
0.001	0	-2	6.72043
0.001	0	-2	6.72043
0.001	0	-2	6.72043
0.001	0	-2	6.72043
0.001	0	-2	6.72043
0.001	0	-2	6.72043
0.001	0	-2	6.72043
0.001	0	-2	6.72043
0.001	0	-2	6.72043
0.001	0	-2	6.72043
0.001	0	-2	6.62742
0.001	0	-2	6.59922
0.001	0	-2	6.57102
0.001	0	-2	6.54712
0.001	0	-2	6.52333
0.001	0	-2	6.50275
0.001	0	-2	6.48233
0.001	0	-2	6.46437
0.001	0	-2	6.44660
0.001	0	-2	6.43078
0.001	0	-2	6.41516
0.001	0	-2	6.40111
0.001	0	-2	6.38727
0.001	0	-2	6.37470
0.001	0	-2	6.36235
0.001	0	-2	6.35105
0.001	0	-2	6.33996
0.001	0	-2	6.32976
0.001	0	-2	6.31976
0.001	0	-2	6.31051
0.001	0	-2	6.30147
0.001	0	-2	6.29305
0.001	0	-2	6.28484
0.001	0	-2	6.27717
0.001	0	-2	6.26970
0.001	0	-2	6.26269
0.001	0	-2	6.25588
0.001	0	-2	6.24947
0.001	0	-2	6.24325
0.001	0	-2	6.23737
0.001	0	-2	6.23167
0.001	0	-2	6.22629
0.001	0	-2	6.22107
0.001	0	-2	6.21613
0.001	0	-2	6.21136
0.001	0	-2	6.20682
0.001	0	-2	6.20245
0.001	0	-2	6.19828
0.001	0	-2	6.19428
0.001	0	-2	6.19045
0.001	0	-2	6.18678
0.001	0	-2	6.18327
0.001	0	-2	6.17992
0.001	0	-2	6.17670
0.001	0	-2	6.17364
0.001	0	-2	6.17069
0.001	0	-2	6.16789
0.001	0	-2	6.16520
0.001	0	-2	6.16264
0.001	0	-2	6.16019
0.001	0	-2	6.15787
0.001	0	-2	6.15564
0.001	0	-2	6.15354
0.001	0	-2	6.15151
0.001	0	-2	6.14961
0.001	0	-2	6.14778
0.001	0	-2	6.14607
0.001	0	-2	6.14442
0.001	0	-2	6.14289
0.001	0	-2	6.14141
0.001	0	-2	6.14005
0.001	0	-2	6.13874
0.001	0	-2	6.13754
0.001	0	-2	6.13637
0.001	0	-2	6.13532
0.001	0	-2	6.13430
0.001	0	-2	6.13339
0.001	0	-2	6.13251
0.001	0	-2	6.13173
0.001	0	-2	6.13098
0.001	0	-2	6.13033
0.001	0	-2	6.12970
0.001	0	-2	6.12917
0.001	0	-2	6.12866
0.001	0	-2	6.12825
0.001	0	-2	6.12785
0.001	0	-2	6.12754
0.001	0	-2	6.12725
0.001	0	-2	6.12705
0.001	0	-2	6.12685
0.001	0	-2	6.12675
0.001	0	-2	6.12665
0.001	0	-2	6.12664
0.001	0	-2	6.12663
0.001	0	-2	6.12680
0.001	0	-2	6.12763
0.001	0	-2	6.12911
0.001	0	-2	6.13117
0.001	0	-2	6.13375
0.001	0	-2	6.13683
0.001	0	-2	6.14034
0.001	0	-2	6.14428
0.001	0	-2	6.14858
0.001	0	-2	6.15323
0.001	0	-2	6.15820
0.001	0	-2	6.16347
0.001	0	-2	6.16900
0.001	0	-2	6.17479
0.001	0	-2	6.18080
0.001	0	-2	6.18702
0.001	0	-2	6.19343
0.001	0	-2	6.20002
0.001	0	-2	6.20676
0.001	0	-2	6.21366
0.001	0	-2	6.22068
0.001	0	-2	6.22782
0.001	0	-2	6.23507
0.001	0	-2	6.24242
0.001	0	-2	6.24984
0.001	0	-2	6.25734
0.001	0	-2	6.26490
0.001	0	-2	6.27251
0.001	0	-2	6.28017
0.001	0	-2	6.28786
0.001	0	-2	6.29559
0.001	0	-2	6.30333
0.001	0	-2	6.31108
0.001	0	-2	6.31883
0.001	0	-2	6.32659
0.001	0	-2	6.33433
0.001	0	-2	6.34205
0.001	0	-2	6.34976
0.001	0	-2	6.35744
0.001	0	-2	6.36508
0.001	0	-2	6.37268
0.001	0	-2	6.38024
0.001	0	-2	6.38775
0.001	0	-2	6.39520
0.001	0	-2	6.40259
0.001	0	-2	6.40992
0.001	0	-2	6.41719
0.001	0	-2	6.42438
0.001	0	-2	6.43150
0.001	0	-2	6.43854
0.001	0	-2	6.44549
0.001	0	-2	6.45236
0.001	0	-2	6.45915
0.001	0	-2	6.46585
0.001	0	-2	6.47244
0.001	0	-2	6.47895
0.001	0	-2	6.48536
0.001	0	-2	6.49167
0.001	0	-2	6.49787
0.001	0	-2	6.50398
0.001	0	-2	6.50999
0.001	0	-2	6.51587
0.001	0	-2	6.52166
0.001	0	-2	6.52735
0.001	0	-2	6.53292
0.001	0	-2	6.53838
0.001	0	-2	6.54373
0.001	0	-2	6.54898
0.001	0	-2	6.55411
0.001	0	-2	6.55914
0.001	0	-2	6.56405
0.001	0	-2	6.56886
0.001	0	-2	6.57355
0.001	0	-2	6.57813
0.001	0	-2	6.58261
0.001	0	-2	6.58698
0.001	0	-2	6.59124
0.001	0	-2	6.59540
0.001	0	-2	6.59946
0.001	0	-2	6.60340
0.001	0	-2	6.60725
0.001	0	-2	6.61099
0.001	0	-2	6.61463
0.001	0	-2	6.61818
0.001	0	-2	6.62162
0.001	0	-2	6.62497
0.001	0	-2	6.62823
0.001	0	-2	6.63139
0.001	0	-2	6.63446
0.001	0	-2	6.63744
0.001	0	-2	6.64034
0.001	0	-2	6.64314
0.001	0	-2	6.64586
0.001	0	-2	6.64851
0.001	0	-2	6.65106
0.001	0	-2	6.65354
0.001	0	-2	6.65594
0.001	0	-2	6.65827
0.001	0	-2	6.66052
0.001	0	-2	6.66269
0.001	0	-2	6.66480
0.001	0	-2	6.66684
0.001	0	-2	6.66881
0.001	0	-2	6.67072
0.001	0	-2	6.67256
0.001	0	-2	6.67434
0.001	0	-2	6.67606
0.001	0	-2	6.67772
0.001	0	-2	6.67932
0.001	0	-2	6.68087
0.001	0	-2	6.68237
0.001	0	-2	6.68381
0.001	0	-2	6.68520
0.001	0	-2	6.68655
0.001	0	-2	6.68785
0.001	0	-2	6.68910
0.001	0	-2	6.69031
0.001	0	-2	6.69146
0.001	0	-2	6.69258
0.001	0	-2	6.69367
0.001	0	-2	6.69470
0.001	0	-2	6.69571
0.001	0	-2	6.69667
0.001	0	-2	6.69760
0.001	0	-2	6.69855
0.001	0	-2	6.69955
0.001	0	-2	6.70056
0.001	0	-2	6.70156
0.001	0	-2	6.70256
0.001	0	-2	6.70357
0.001	0	-2	6.70457
0.001	0	-2	6.70558
0.001	0	-2	6.70638
0.001	0	-2	6.70699
0.001	0	-2	6.70759
0.001	0	-2	6.70819
0.001	0	-2	6.72043
0.001	0	-2	6.72043
0.001	0	-2	6.72043
0.001	0	-2	6.72043
0.001	0	-2	6.72043
0.001	0	-2	6.72043
0.001	0	-2	6.72043
0.001	0	-2	6.72043
0.001	0	-2	6.72043
0.001	0	-2	6.72043
0.001	0	-2	6.72043
0.001	0	-2	6.72043
0.001	0	-2	6.72043
0.001	0	-2	6.72043
0.001	0	-2	6.72043
0.001	0	-2	6.72043
0.001	0	-2	6.72043
0.001	0	-2	6.72043
0.001	0	-2	6.72043
0.001	0	-2	6.72043
0.001	0	-2	6.72043
0.001	0	-2	6.72043
0.001	0	-2	6.72043
0.001	0	-2	6.72043
0.001	0	-2	6.72043
0.001	0	-2	6.72043
0.001	0	-2	6.72043
0.001	0	-2	6.72043
0.001	0	-2	6.72043
0.001	0	-2	6.72043
0.001	0	-2	6.72043
0.001	0	-2	6.72043
0.001	0	-2	6.72043
0.001	0	-2	6.72043
0.001	0	-2	6.72043
0.001	0	-2	6.72043
0.001	0	-2	6.72043
0.001	0	-2	6.72043
0.001	0	-2	6.72043
0.001	0	-2	6.72043
0.001	0	-2	6.72043
0.001	0	-2	6.72043
0.001	0	-2	6.72043
0.001	0	-2	6.72043
0.001	0	-2	6.72043
0.001	0	-2	6.72043
0.001	0	-2	6.72043
0.001	0	-2	6.72043
0.001	0	-2	6.72043
0.001	0	-2	6.72043
0.001	0	-2	6.72043
0.001	0	-2	6.72043
0.001	0	-2	6.72043
0.001	0	-2	6.72043
0.001	0	-2	6.72043
0.001	0	-2	6.72043
0.001	0	-2	6.72043
0.001	0	-2	6.72043
0.001	0	-2	6.72043
0.001	0	-2	6.72043
0.001	0	-2	6.72043
0.001	0	-2	6.72043
0.001	0	-2	6.72043
0.001	0	-2	6.72043
0.001	0	-2	6.72043
0.001	0	-2	6.72043
0.001	0	-2	6.72043
0.001	0	-2	6.72043
0.001	0	-2	6.72043
0.001	0	-2	6.72043
0.001	0	-2	6.72043
0.001	0	-2	6.72043
0.001	0	-2	6.72043
0.001	0	-2	6.72043
0.001	0	-2	6.72043
0.001	0	-2	6.72043
0.001	0	-2	6.72043
0.001	0	-2	6.72043
0.001	0	-2	6.72043
0.001	0	-2	6.72043
0.001	0	-2	6.72043
0.001	0	-2	6.72043
0.001	0	-2	6.72043
0.001	0	-2	6.72043
0.001	0	-2	6.72043
0.001	0	-2	6.72043
0.001	0	-2	6.72043
0.001	0	-2	6.72043
0.001	0	-2	6.72043
0.001	0	-2	6.72043
0.001	0	-2	6.72043
0.001	0	-2	6.72043
0.001	0	-2	6.72043
0.001	0	-2	6.72043
0.001	0	-2	6.72043
0.001	0	-2	6.72043
0.001	0	-2	6.72043
0.001	0	-2	6.72043
0.001	0	-2	6.72043
0.001	0	-2	6.72043
0.001	0	-2	6.72043
0.001	0	-2	6.72043
0.001	0	-2	6.72043
0.001	0	-2	6.72043
0.001	0	-2	6.72043
0.001	0	-2	6.72043
0.001	0	-2	6.72043
0.001	0	-2	6.72043
0.001	0	-2	6.72043
0.001	0	-2	6.72043
0.001	0	-2	6.72043
0.001	0	-2	6.72043
0.001	0	-2	6.72043
0.001	0	-2	6.72043
0.001	0	-2	6.72043
0.001	0	-2	6.72043
0.001	0	-2	6.72043
0.001	0	-2	6.72043
0.001	0	-2	6.72043
0.001	0	-2	6.72043
0.001	0	-2	6.72043
0.001	0	-2	6.72043
0.001	0	-2	6.72043
0.001	0	-2	6.72043
0.001	0	-2	6.72043
0.001	0	-2	6.72043
0.001	0	-2	6.72043
0.001	0	-2	6.72043
0.001	0	-2	6.72043
0.001	0	-2	6.72043
0.001	0	-2	6.72043
0.001	0	-2	6.72043
0.001	0	-2	6.72043
0.001	0	-2	6.72043
0.001	0	-2	6.72043
0.001	0	-2	6.72043
0.001	0	-2	6.72043
0.001	0	-2	6.72043
0.001	0	-2	6.72043
0.001	0	-2	6.72043
0.001	0	-2	6.72043
0.001	0	-2	6.72043
0.001	0	-2	6.72043
0.001	0	-2	6.72043
0.001	0	-2	6.72043
0.001	0	-2	6.72043
0.001	0	-2	6.72043
0.001	0	-2	6.72043
0.001	0	-2	6.72043
0.001	0	-2	6.72043
0.001	0	-2	6.72043
0.001	0	-2	6.72043
0.001	0	-2	6.72043
0.001	0	-2	6.72043
0.001	0	-2	6.72043
0.001	0	-2	6.72043
0.001	0	-2	6.72043
0.001	0	-2	6.72043
0.001	0	-2	6.72043
0.001	0	-2	6.72043
0.001	0	-2	6.72043
0.001	0	-2	6.72043
0.001	0	-2	6.72043
0.001	0	-2	6.72043
0.001	0	-2	6.72043
0.001	0	-2	6.72043
0.001	0	-2	6.72043
0.001	0	-2	6.72043
0.001	0	-2	6.72043
0.001	0	-2	6.72043
0.001	0	-2	6.72043
0.001	0	-2	6.72043
0.001	0	-2	6.72043
0.001	0	-2	6.72043
0.001	0	-2	6.72043
0.001	0	-2	6.72043
0.001	0	-2	6.72043
0.001	0	-2	6.72043
0.001	0	-2	6.72043
0.001	0	-2	6.72043
0.001	0	-2	6.72043
0.001	0	-2	6.72043
0.001	0	-2	6.72043
0.001	0	-2	6.72043
0.001	0	-2	6.72043
0.001	0	-2	6.72043
0.001	0	-2	6.72043
0.001	0	-2	6.72043
0.001	0	-2	6.72043
0.001	0	-2	6.72043
0.001	0	-2	6.72043
0.001	0	-2	6.72043
0.001	0	-2	6.72043
0.001	0	-2	6.72043
0.001	0	-2	6.72043
0.001	0	-2	6.72043
0.001	0	-2	6.72043
0.001	0	-2	6.72043
0.001	0	-2	6.72043
0.001	0	-2	6.72043
0.001	0	-2	6.72043
0.001	0	-2	6.72043
0.001	0	-2	6.72043
0.001	0	-2	6.72043
0.001	0	-2	6.72043
0.001	0	-2	6.72043
0.001	0	-2	6.72043
0.001	0	-2	6.72043
0.001	0	-2	6.72043
0.001	0	-2	6.72043
0.001	0	-2	6.72043
0.001	0	-2	6.72043
0.001	0	-2	6.72043
0.001	0	-2	6.72043
0.001	0	-2	6.72043
0.001	0	-2	6.72043
0.001	0	-2	6.72043
0.001	0	-2	6.72043
0.001	0	-2	6.72043
0.001	0	-2	6.72043
0.001	0	-2	6.72043
0.001	0	-2	6.72043
0.001	0	-2	6.72043
0.001	0	-2	6.72043
0.001	0	-2	6.72043
0.001	0	-2	6.72043
0.001	0	-2	6.72043
0.001	0	-2	6.72043
0.001	0	-2	6.72043
0.001	0	-2	6.72043
0.001	0	-2	6.72043
0.001	0	-2	6.72043
0.001	0	-2	6.72043
0.001	0	-2	6.72043
0.001	0	-2	6.72043
0.001	0	-2	6.72043
0.001	0	-2	6.72043
0.001	0	-2	6.72043
0.001	0	-2	6.72043
0.001	0	-2	6.72043
0.001	0	-2	6.72043
0.001	0	-2	6.72043
0.001	0	-2	6.72043
0.001	0	-2	6.72043
0.001	0	-2	6.72043
0.001	0	-2	6.72043
0.001	0	-2	6.72043
0.001	0	-2	6.72043
0.001	0	-2	6.72043
0.001	0	-2	6.72043
0.001	0	-2	6.72043
0.001	0	-2	6.72043
0.001	0	-2	6.72043
0.001	0	-2	6.72043
0.001	0	-2	6.72043
0.001	0	-2	6.72043
0.001	0	-2	6.72043
0.001	0	-2	6.72043
0.001	0	-2	6.72043
0.001	0	-2	6.72043
0.001	0	-2	6.72043
0.001	0	-2	6.72043
0.001	0	-2	6.72043
0.001	0	-2	6.72043
0.001	0	-2	6.72043
0.001	0	-2	6.72043
0.001	0	-2	6.72043
0.001	0	-2	6.72043
0.001	0	-2	6.72043
0.001	0	-2	6.72043
0.001	0	-2	6.72043
0.001	0	-2	6.72043
0.001	0	-2	6.72043
0.001	0	-2	6.72043
0.001	0	-2	6.72043
0.001	0	-2	6.72043
0.001	0	-2	6.72043
0.001	0	-2	6.72043
0.001	0	-2	6.72043
0.001	0	-2	6.72043
0.001	0	-2	6.72043
0.001	0	-2	6.72043
0.001	0	-2	6.72043
0.001	0	-2	6.72043
0.001	0	-2	6.72043
0.001	0	-2	6.72043
0.001	0	-2	6.72043
0.001	0	-2	6.72043
0.001	0	-2	6.72043
0.001	0	-2	6.72043
0.001	0	-2	6.72043
0.001	0	-2	6.72043
0.001	0	-2	6.72043
0.001	0	-2	6.72043
0.001	0	-2	6.72043
0.001	0	-2	6.72043
0.001	0	-2	6.72043
0.001	0	-2	6.72043
0.001	0	-2	6.72043
0.001	0	-2	6.72043
0.001	0	-2	6.72043
0.001	0	-2	6.72043
0.001	0	-2	6.72043
0.001	0	-2	6.72043
0.001	0	-2	6.72043
0.001	0	-2	6.72043
0.001	0	-2	6.72043
0.001	0	-2	6.72043
0.001	0	-2	6.72043
0.001	0	-2	6.72043
0.001	0	-2	6.72043
0.001	0	-2	6.72043
0.001	0	-2	6.72043
0.001	0	-2	6.72043
0.001	0	-2	6.72043
0.001	0	-2	6.72043
0.001	0	-2	6.72043
0.001	0	-2	6.72043
0.001	0	-2	6.72043
0.001	0	-2	6.72043
0.001	0	-2	6.72043
0.001	0	-2	6.72043
0.001	0	-2	6.72043
0.001	0	-2	6.72043
0.001	0	-2	6.72043
0.001	0	-2	6.72043
0.001	0	-2	6.72043
0.001	0	-2	6.72043
0.001	0	-2	6.72043
0.001	0	-2	6.72043
0.001	0	-2	6.72043
0.001	0	-2	6.72043
0.001	0	-2	6.72043
0.001	0	-2	6.72043
0.001	0	-2	6.72043
0.001	0	-2	6.72043
0.001	0	-2	6.72043
0.001	0	-2	6.72043
0.001	0	-2	6.72043
0.001	0	-2	6.72043
0.001	0	-2	6.72043
0.001	0	-2	6.72043
0.001	0	-2	6.72043
0.001	0	-2	6.72043
0.001	0	-2	6.72043
0.001	0	-2	6.72043
0.001	0	-2	6.72043
0.001	0	-2	6.72043
0.001	0	-2	6.72043
0.001	0	-2	6.72043
0.001	0	-2	6.72043
0.001	0	-2	6.72043
0.001	0	-2	6.72043
0.001	0	-2	6.72043
0.001	0	-2	6.72043
0.001	0	-2	6.72043
0.001	0	-2	6.72043
0.001	0	-2	6.72043
0.001	0	-2	6.72043
0.001	0	-2	6.72043
0.001	0	-2	6.72043
0.001	0	-2	6.72043
0.001	0	-2	6.72043
0.001	0	-2	6.72043
0.001	0	-2	6.72043
0.001	0	-2	6.72043
0.001	0	-2	6.72043
0.001	0	-2	6.72043
0.001	0	-2	6.72043
0.001	0	-2	6.72043
0.001	0	-2	6.72043
0.001	0	-2	6.72043
0.001	0	-2	6.72043
0.001	0	-2	6.72043
0.001	0	-2	6.72043
0.001	0	-2	6.72043
0.001	0	-2	6.72043
0.001	0	-2	6.72043
0.001	0	-2	6.72043
0.001	0	-2	6.72043
0.001	0	-2	6.72043
0.001	0	-2	6.72043
0.001	0	-2	6.72043
0.001	0	-2	6.72043
0.001	0	-2	6.72043
0.001	0	-2	6.72043
0.001	0	-2	6.72043
0.001	0	-2	6.72043
0.001	0	-2	6.72043
0.001	0	-2	6.72043
0.001	0	-2	6.72043
0.001	0	-2	6.72043
0.001	0	-2	6.72043
0.001	0	-2	6.72043
0.001	0	-2	6.72043
0.001	0	-2	6.72043
0.001	0	-2	6.72043
0.001	0	-2	6.72043
0.001	0	-2	6.72043
0.001	0	-2	6.72043
0.001	0	-2	6.72043
0.001	0	-2	6.72043
0.001	0	-2	6.72043
0.001	0	-2	6.72043
0.001	0	-2	6.72043
0.001	0	-2	6.72043
0.001	0	-2	6.72043
0.001	0	-2	6.72043
0.001	0	-2	6.72043
0.001	0	-2	6.72043
0.001	0	-2	6.72043
0.001	0	-2	6.72043
0.001	0	-2	6.72043
0.001	0	-2	6.72043
0.001	0	-2	6.72043
0.001	0	-2	6.72043
0.001	0	-2	6.72043
0.001	0	-2	6.72043
0.001	0	-2	6.72043
0.001	0	-2	6.72043
0.001	0	-2	6.72043
0.001	0	-2	6.72043
0.001	0	-2	6.72043
0.001	0	-2	6.72043
0.001	0	-2	6.72043
0.001	0	-2	6.72043
0.001	0	-2	6.72043
0.001	0	-2	6.72043
0.001	0	-2	6.72043
0.001	0	-2	6.72043
0.001	0	-2	6.72043
0.001	0	-2	6.72043
0.001	0	-2	6.72043
0.001	0	-2	6.72043
0.001	0	-2	6.72043
0.001	0	-2	6.72043
0.001	0	-2	6.72043
0.001	0	-2	6.72043
0.001	0	-2	6.72043
0.001	0	-2	6.72043
0.001	0	-2	6.72043
0.001	0	-2	6.72043
0.001	0	-2	6.72043
0.001	0	-2	6.72043
0.001	0	-2	6.72043
0.001	0	-2	6.72043
0.001	0	-2	6.72043
0.001	0	-2	6.72043
0.001	0	-2	6.72043
0.001	0	-2	6.72043
0.001	0	-2	6.72043
0.001	0	-2	6.72043
0.001	0	-2	6.72043
0.001	0	-2	6.72043
0.001	0	-2	6.72043
0.001	0	-2	6.72043
0.001	0	-2	6.72043
0.001	0	-2	6.72043
0.001	0	-2	6.72043
0.001	0	-2	6.72043
0.001	0	-2	6.72043
0.001	0	-2	6.72043
0.001	0	-2	6.72043
0.001	0	-2	6.72043
0.001	0	-2	6.72043
0.001	0	-2	6.72043
0.001	0	-2	6.72043
0.001	0	-2	6.72043
0.001	0	-2	6.72043
0.001	0	-2	6.72043
0.001	0	-2	6.72043
0.001	0	-2	6.72043
0.001	0	-2	6.72043
0.001	0	-2	6.72043
0.001	0	-2	6.72043
0.001	0	-2	6.72043
0.001	0	-2	6.72043
0.001	0	-2	6.72043
0.001	0	-2	6.72043
0.001	0	-2	6.72043
0.001	0	-2	6.72043
0.001	0	-2	6.72043
0.001	0	-2	6.72043
0.001	0	-2	6.72043
0.001	0	-2	6.72043
0.001	0	-2	6.72043
0.001	0	-2	6.72043
0.001	0	-2	6.72043
0.001	0	-2	6.72043
0.001	0	-2	6.72043
0.001	0	-2	6.72043
0.001	0	-2	6.72043
0.001	0	-2	6.72043
0.001	0	-2	6.72043
0.001	0	-2	6.72043
0.001	0	-2	6.72043
0.001	0	-2	6.72043
0.001	0	-2	6.72043
0.001	0	-2	6.72043
0.001	0	-2	6.72043
0.001	0	-2	6.72043
0.001	0	-2	6.72043
0.001	0	-2	6.72043
0.001	0	-2	6.72043
0.001	0	-2	6.72043
0.001	0	-2	6.72043
0.001	0	-2	6.72043
0.001	0	-2	6.72043
0.001	0	-2	6.72043
0.001	0	-2	6.72043
0.001	0	-2	6.72043
0.001	0	-2	6.72043
0.001	0	-2	6.72043
0.001	0	-2	6.72043
0.001	0	-2	6.72043
0.001	0	-2	6.72043
0.001	0	-2	6.72043
0.001	0	-2	6.72043
0.001	0	-2	6.72043
0.001	0	-2	6.72043
0.001	0	-2	6.72043
0.001	0	-2	6.72043
0.001	0	-2	6.72043
0.001	0	-2	6.72043
0.001	0	-2	6.72043
0.001	0	-2	6.72043
0.001	0	-2	6.72043
0.001	0	-2	6.72043
0.001	0	-2	6.72043
0.001	0	-2	6.72043
0.001	0	-2	6.72043
0.001	0	-2	6.72043
0.001	0	-2	6.72043
0.001	0	-2	6.72043
0.001	0	-2	6.72043
0.001	0	-2	6.72043
0.001	0	-2	6.72043
0.001	0	-2	6.72043
0.001	0	-2	6.72043
0.001	0	-2	6.72043
0.001	0	-2	6.72043
0.001	0	-2	6.72043
0.001	0	-2	6.72043
0.001	0	-2	6.72043
0.001	0	-2	6.72043
0.001	0	-2	6.72043
0.001	0	-2	6.72043
0.001	0	-2	6.72043
0.001	0	-2	6.72043
0.001	0	-2	6.72043
0.001	0	-2	6.72043
0.001	0	-2	6.72043
0.001	0	-2	6.72043
0.001	0	-2	6.72043
0.001	0	-2	6.72043
0.001	0	-2	6.72043
0.001	0	-2	6.72043
0.001	0	-2	6.72043
0.001	0	-2	6.72043
0.001	0	-2	6.72043
0.001	0	-2	6.72043
0.001	0	-2	6.72043
0.001	0	-2	6.72043
0.001	0	-2	6.72043
0.001	0	-2	6.72043
0.001	0	-2	6.72043
0.001	0	-2	6.72043
0.001	0	-2	6.72043
0.001	0	-2	6.72043
0.001	0	-2	6.72043
0.001	0	-2	6.72043
0.001	0	-2	6.72043
0.001	0	-2	6.72043
0.001	0	-2	6.72043
0.001	0	-2	6.72043
0.001	0	-2	6.72043
0.001	0	-2	6.72043
0.001	0	-2	6.72043
0.001	0	-2	6.72043
0.001	0	-2	6.72043
0.001	0	-2	6.72043
0.001	0	-2	6.72043
0.001	0	-2	6.72043
0.001	0	-2	6.72043
0.001	0	-2	6.72043
0.001	0	-2	6.72043
0.001	0	-2	6.72043
0.001	0	-2	6.72043
0.001	0	-2	6.72043
0.001	0	-2	6.72043
0.001	0	-2	6.72043
0.001	0	-2	6.72043
0.001	0	-2	6.72043
0.001	0	-2	6.72043
0.001	0	-2	6.72043
0.001	0	-2	6.72043
0.001	0	-2	6.72043
0.001	0	-2	6.72043
0.001	0	-2	6.72043
0.001	0	-2	6.72043
0.001	0	-2	6.72043
0.001	0	-2	6.72043
0.001	0	-2	6.72043
0.001	0	-2	6.72043
0.001	0	-2	6.72043
0.001	0	-2	6.72043
0.001	0	-2	6.72043
0.001	0	-2	6.72043
0.001	0	-2	6.72043
0.001	0	-2	6.72043
0.001	0	-2	6.72043
0.001	0	-2	6.72043
0.001	0	-2	6.72043
0.001	0	-2	6.72043
0.001	0	-2	6.72043
0.001	0	-2	6.72043
0.001	0	-2	6.72043
0.001	0	-2	6.72043
0.001	0	-2	6.72043
0.001	0	-2	6.72043
0.001	0	-2	6.72043
0.001	0	-2	6.72043
0.001	0	-2	6.72043
0.001	0	-2	6.72043
0.001	0	-2	6.72043
0.001	0	-2	6.72043
0.001	0	-2	6.72043
0.001	0	-2	6.72043
0.001	0	-2	6.72043
0.001	0	-2	6.72043
0.001	0	-2	6.72043
0.001	0	-2	6.72043
0.001	0	-2	6.72043
0.001	0	-2	6.72043
0.001	0	-2	6.72043
0.001	0	-2	6.72043
0.001	0	-2	6.72043
0.001	0	-2	6.72043
0.001	0	-2	6.72043
0.001	0	-2	6.72043
0.001	0	-2	6.72043
0.001	0	-2	6.72043
0.001	0	-2	6.72043
0.001	0	-2	6.72043
0.001	0	-2	6.72043
0.001	0	-2	6.72043
0.001	0	-2	6.72043
0.001	0	-2	6.72043
0.001	0	-2	6.72043
0.001	0	-2	6.72043
0.001	0	-2	6.72043
0.001	0	-2	6.72043
0.001	0	-2	6.72043
0.001	0	-2	6.72043
0.001	0	-2	6.72043
0.001	0	-2	6.72043
0.001	0	-2	6.72043
0.001	0	-2	6.72043
0.001	0	-2	6.72043
0.001	0	-2	6.72043
0.001	0	-2	6.72043
0.001	0	-2	6.72043
0.001	0	-2	6.72043
0.001	0	-2	6.72043
0.001	0	-2	6.72043
0.001	0	-2	6.72043
0.001	0	-2	6.72043
0.001	0	-2	6.72043
0.001	0	-2	6.72043
0.001	0	-2	6.72043
0.001	0	-2	6.72043
0.001	0	-2	6.72043
0.001	0	-2	6.72043
0.001	0	-2	6.72043
0.001	0	-2	6.72043
0.001	0	-2	6.72043
0.001	0	-2	6.72043
0.001	0	-2	6.72043
0.001	0	-2	6.72043
0.001	0	-2	6.72043
0.001	0	-2	6.72043
0.001	0	-2	6.72043
0.001	0	-2	6.72043
0.001	0	-2	6.72043
0.001	0	-2	6.72043
0.001	0	-2	6.72043
0.001	0	-2	6.72043
0.001	0	-2	6.72043
0.001	0	-2	6.72043
0.001	0	-2	6.72043
0.001	0	-2	6.72043
0.001	0	-2	6.72043
0.001	0	-2	6.72043
0.001	0	-2	6.72043
0.001	0	-2	6.72043
0.001	0	-2	6.72043
0.001	0	-2	6.72043
0.001	0	-2	6.72043
0.001	0	-2	6.72043
0.001	0	-2	6.72043
0.001	0	-2	6.72043
0.001	0	-2	6.72043
0.001	0	-2	6.72043
0.001	0	-2	6.72043
0.001	0	-2	6.72043
0.001	0	-2	6.72043
0.001	0	-2	6.72043
0.001	0	-2	6.72043
0.001	0	-2	6.72043
0.001	0	-2	6.72043
0.001	0	-2	6.72043
0.001	0	-2	6.72043
0.001	0	-2	6.72043
0.001	0	-2	6.72043
0.001	0	-2	6.72043
0.001	0	-2	6.72043
0.001	0	-2	6.72043
0.001	0	-2	6.72043
0.001	0	-2	6.72043
0.001	0	-2	6.72043
0.001	0	-2	6.72043
0.001	0	-2	6.72043
0.001	0	-2	6.72043
0.001	0	-2	6.72043
0.001	0	-2	6.72043
0.001	0	-2	6.72043
0.001	0	-2	6.72043
0.001	0	-2	6.72043
0.001	0	-2	6.72043
0.001	0	-2	6.72043
0.001	0	-2	6.72043
0.001	0	-2	6.72043
0.001	0	-2	6.72043
0.001	0	-2	6.72043
0.001	0	-2	6.72043
0.001	0	-2	6.72043
0.001	0	-2	6.72043
0.001	0	-2	6.72043
0.001	0	-2	6.72043
0.001	0	-2	6.72043
0.001	0	-2	6.72043
0.001	0	-2	6.72043
0.001	0	-2	6.72043
0.001	0	-2	6.72043
0.001	0	-2	6.72043
0.001	0	-2	6.72043
0.001	0	-2	6.72043
0.001	0	-2	6.72043
0.001	0	-2	6.72043
0.001	0	-2	6.72043
0.001	0	-2	6.72043
0.001	0	-2	6.72043
0.001	0	-2	6.72043
0.001	0	-2	6.72043
0.001	0	-2	6.72043
0.001	0	-2	6.72043
0.001	0	-2	6.72043
0.001	0	-2	6.72043
0.001	0	-2	6.72043
0.001	0	-2	6.72043
0.001	0	-2	6.72043
0.001	0	-2	6.72043
0.001	0	-2	6.72043
0.001	0	-2	6.72043
0.001	0	-2	6.72043
0.001	0	-2	6.72043
0.001	0	-2	6.72043
0.001	0	-2	6.72043
0.001	0	-2	6.72043
0.001	0	-2	6.72043
0.001	0	-2	6.72043
0.001	0	-2	6.72043
0.001	0	-2	6.72043
0.001	0	-2	6.72043
0.001	0	-2	6.72043
0.001	0	-2	6.72043
0.001	0	-2	6.72043
0.001	0	-2	6.72043
0.001	0	-2	6.72043
0.001	0	-2	6.72043
0.001	0	-2	6.72043
0.001	0	-2	6.72043
0.001	0	-2	6.72043
0.001	0	-2	6.72043
0.001	0	-2	6.72043
