dt	dhsl	Mode	pCa
0.001	0	-2	6.72043
0.001	0	-2	6.72043
0.001	0	-2	6.72043
0.001	0	-2	6.72043
0.001	0	-2	6.72043
0.001	0	-2	6.72043
0.001	0	-2	6.72043
0.001	0	-2	6.72043
0.001	0	-2	6.72043
0.001	0	-2	6.72043
0.001	0	-2	6.72043
0.001	0	-2	6.72043
0.001	0	-2	6.72043
0.001	0	-2	6.72043
0.001	0	-2	6.72043
0.001	0	-2	6.72043
0.001	0	-2	6.72043
0.001	0	-2	6.72043
0.001	0	-2	6.72043
0.001	0	-2	6.72043
0.001	0	-2	6.72043
0.001	0	-2	6.72043
0.001	0	-2	6.72043
0.001	0	-2	6.72043
0.001	0	-2	6.72043
0.001	0	-2	6.72043
0.001	0	-2	6.72043
0.001	0	-2	6.72043
0.001	0	-2	6.72043
0.001	0	-2	6.72043
0.001	0	-2	6.72043
0.001	0	-2	6.72043
0.001	0	-2	6.72043
0.001	0	-2	6.72043
0.001	0	-2	6.72043
0.001	0	-2	6.72043
0.001	0	-2	6.72043
0.001	0	-2	6.72043
0.001	0	-2	6.72043
0.001	0	-2	6.72043
0.001	0	-2	6.72043
0.001	0	-2	6.72043
0.001	0	-2	6.72043
0.001	0	-2	6.72043
0.001	0	-2	6.72043
0.001	0	-2	6.72043
0.001	0	-2	6.72043
0.001	0	-2	6.72043
0.001	0	-2	6.72043
0.001	0	-2	6.72043
0.001	0	-2	6.72043
0.001	0	-2	6.72043
0.001	0	-2	6.72043
0.001	0	-2	6.72043
0.001	0	-2	6.72043
0.001	0	-2	6.72043
0.001	0	-2	6.72043
0.001	0	-2	6.72043
0.001	0	-2	6.72043
0.001	0	-2	6.72043
0.001	0	-2	6.72043
0.001	0	-2	6.72043
0.001	0	-2	6.72043
0.001	0	-2	6.72043
0.001	0	-2	6.72043
0.001	0	-2	6.72043
0.001	0	-2	6.72043
0.001	0	-2	6.72043
0.001	0	-2	6.72043
0.001	0	-2	6.72043
0.001	0	-2	6.72043
0.001	0	-2	6.72043
0.001	0	-2	6.72043
0.001	0	-2	6.72043
0.001	0	-2	6.72043
0.001	0	-2	6.72043
0.001	0	-2	6.72043
0.001	0	-2	6.72043
0.001	0	-2	6.72043
0.001	0	-2	6.72043
0.001	0	-2	6.72043
0.001	0	-2	6.72043
0.001	0	-2	6.72043
0.001	0	-2	6.72043
0.001	0	-2	6.72043
0.001	0	-2	6.72043
0.001	0	-2	6.72043
0.001	0	-2	6.72043
0.001	0	-2	6.72043
0.001	0	-2	6.72043
0.001	0	-2	6.72043
0.001	0	-2	6.72043
0.001	0	-2	6.72043
0.001	0	-2	6.72043
0.001	0	-2	6.72043
0.001	0	-2	6.72043
0.001	0	-2	6.72043
0.001	0	-2	6.72043
0.001	0	-2	6.72043
0.001	0	-2	6.72043
0.001	0	-2	6.72043
0.001	0	-2	6.72043
0.001	0	-2	6.72043
0.001	0	-2	6.72043
0.001	0	-2	6.72043
0.001	0	-2	6.72043
0.001	0	-2	6.72043
0.001	0	-2	6.72043
0.001	0	-2	6.72043
0.001	0	-2	6.72043
0.001	0	-2	6.72043
0.001	0	-2	6.72043
0.001	0	-2	6.72043
0.001	0	-2	6.72043
0.001	0	-2	6.72043
0.001	0	-2	6.72043
0.001	0	-2	6.72043
0.001	0	-2	6.72043
0.001	0	-2	6.72043
0.001	0	-2	6.72043
0.001	0	-2	6.72043
0.001	0	-2	6.72043
0.001	0	-2	6.72043
0.001	0	-2	6.72043
0.001	0	-2	6.72043
0.001	0	-2	6.72043
0.001	0	-2	6.72043
0.001	0	-2	6.72043
0.001	0	-2	6.72043
0.001	0	-2	6.72043
0.001	0	-2	6.72043
0.001	0	-2	6.72043
0.001	0	-2	6.72043
0.001	0	-2	6.72043
0.001	0	-2	6.72043
0.001	0	-2	6.72043
0.001	0	-2	6.72043
0.001	0	-2	6.72043
0.001	0	-2	6.72043
0.001	0	-2	6.72043
0.001	0	-2	6.72043
0.001	0	-2	6.72043
0.001	0	-2	6.72043
0.001	0	-2	6.72043
0.001	0	-2	6.72043
0.001	0	-2	6.72043
0.001	0	-2	6.72043
0.001	0	-2	6.72043
0.001	0	-2	6.72043
0.001	0	-2	6.72043
0.001	0	-2	6.72043
0.001	0	-2	6.72043
0.001	0	-2	6.72043
0.001	0	-2	6.72043
0.001	0	-2	6.72043
0.001	0	-2	6.72043
0.001	0	-2	6.72043
0.001	0	-2	6.72043
0.001	0	-2	6.72043
0.001	0	-2	6.72043
0.001	0	-2	6.72043
0.001	0	-2	6.72043
0.001	0	-2	6.72043
0.001	0	-2	6.72043
0.001	0	-2	6.72043
0.001	0	-2	6.72043
0.001	0	-2	6.72043
0.001	0	-2	6.72043
0.001	0	-2	6.72043
0.001	0	-2	6.72043
0.001	0	-2	6.72043
0.001	0	-2	6.72043
0.001	0	-2	6.72043
0.001	0	-2	6.72043
0.001	0	-2	6.72043
0.001	0	-2	6.72043
0.001	0	-2	6.72043
0.001	0	-2	6.72043
0.001	0	-2	6.72043
0.001	0	-2	6.72043
0.001	0	-2	6.72043
0.001	0	-2	6.72043
0.001	0	-2	6.72043
0.001	0	-2	6.72043
0.001	0	-2	6.72043
0.001	0	-2	6.72043
0.001	0	-2	6.72043
0.001	0	-2	6.72043
0.001	0	-2	6.72043
0.001	0	-2	6.72043
0.001	0	-2	6.72043
0.001	0	-2	6.72043
0.001	0	-2	6.72043
0.001	0	-2	6.72043
0.001	0	-2	6.72043
0.001	0	-2	6.72043
0.001	0	-2	6.72043
0.001	0	-2	6.72043
0.001	0	-2	6.72043
0.001	0	-2	6.72043
0.001	0	-2	6.72043
0.001	0	-2	6.72043
0.001	0	-2	6.72043
0.001	0	-2	6.72043
0.001	0	-2	6.72043
0.001	0	-2	6.72043
0.001	0	-2	6.72043
0.001	0	-2	6.72043
0.001	0	-2	6.72043
0.001	0	-2	6.72043
0.001	0	-2	6.72043
0.001	0	-2	6.72043
0.001	0	-2	6.72043
0.001	0	-2	6.72043
0.001	0	-2	6.72043
0.001	0	-2	6.72043
0.001	0	-2	6.72043
0.001	0	-2	6.72043
0.001	0	-2	6.72043
0.001	0	-2	6.72043
0.001	0	-2	6.72043
0.001	0	-2	6.72043
0.001	0	-2	6.72043
0.001	0	-2	6.72043
0.001	0	-2	6.72043
0.001	0	-2	6.72043
0.001	0	-2	6.72043
0.001	0	-2	6.72043
0.001	0	-2	6.72043
0.001	0	-2	6.72043
0.001	0	-2	6.72043
0.001	0	-2	6.72043
0.001	0	-2	6.72043
0.001	0	-2	6.72043
0.001	0	-2	6.72043
0.001	0	-2	6.72043
0.001	0	-2	6.72043
0.001	0	-2	6.72043
0.001	0	-2	6.72043
0.001	0	-2	6.72043
0.001	0	-2	6.72043
0.001	0	-2	6.72043
0.001	0	-2	6.72043
0.001	0	-2	6.72043
0.001	0	-2	6.72043
0.001	0	-2	6.72043
0.001	0	-2	6.72043
0.001	0	-2	6.72043
0.001	0	-2	6.72043
0.001	0	-2	6.72043
0.001	0	-2	6.72043
0.001	0	-2	6.72043
0.001	0	-2	6.72043
0.001	0	-2	6.72043
0.001	0	-2	6.72043
0.001	0	-2	6.72043
0.001	0	-2	6.72043
0.001	0	-2	6.72043
0.001	0	-2	6.72043
0.001	0	-2	6.72043
0.001	0	-2	6.72043
0.001	0	-2	6.72043
0.001	0	-2	6.72043
0.001	0	-2	6.72043
0.001	0	-2	6.72043
0.001	0	-2	6.72043
0.001	0	-2	6.72043
0.001	0	-2	6.72043
0.001	0	-2	6.72043
0.001	0	-2	6.72043
0.001	0	-2	6.72043
0.001	0	-2	6.72043
0.001	0	-2	6.72043
0.001	0	-2	6.72043
0.001	0	-2	6.72043
0.001	0	-2	6.72043
0.001	0	-2	6.72043
0.001	0	-2	6.72043
0.001	0	-2	6.72043
0.001	0	-2	6.72043
0.001	0	-2	6.72043
0.001	0	-2	6.72043
0.001	0	-2	6.72043
0.001	0	-2	6.72043
0.001	0	-2	6.72043
0.001	0	-2	6.72043
0.001	0	-2	6.72043
0.001	0	-2	6.72043
0.001	0	-2	6.72043
0.001	0	-2	6.72043
0.001	0	-2	6.72043
0.001	0	-2	6.72043
0.001	0	-2	6.72043
0.001	0	-2	6.72043
0.001	0	-2	6.72043
0.001	0	-2	6.72043
0.001	0	-2	6.72043
0.001	0	-2	6.72043
0.001	0	-2	6.72043
0.001	0	-2	6.72043
0.001	0	-2	6.72043
0.001	0	-2	6.72043
0.001	0	-2	6.72043
0.001	0	-2	6.72043
0.001	0	-2	6.72043
0.001	0	-2	6.72043
0.001	0	-2	6.72043
0.001	0	-2	6.72043
0.001	0	-2	6.72043
0.001	0	-2	6.72043
0.001	0	-2	6.72043
0.001	0	-2	6.72043
0.001	0	-2	6.72043
0.001	0	-2	6.72043
0.001	0	-2	6.72043
0.001	0	-2	6.72043
0.001	0	-2	6.72043
0.001	0	-2	6.72043
0.001	0	-2	6.72043
0.001	0	-2	6.72043
0.001	0	-2	6.72043
0.001	0	-2	6.72043
0.001	0	-2	6.72043
0.001	0	-2	6.72043
0.001	0	-2	6.72043
0.001	0	-2	6.72043
0.001	0	-2	6.72043
0.001	0	-2	6.72043
0.001	0	-2	6.72043
0.001	0	-2	6.72043
0.001	0	-2	6.72043
0.001	0	-2	6.72043
0.001	0	-2	6.72043
0.001	0	-2	6.72043
0.001	0	-2	6.72043
0.001	0	-2	6.72043
0.001	0	-2	6.72043
0.001	0	-2	6.72043
0.001	0	-2	6.72043
0.001	0	-2	6.72043
0.001	0	-2	6.72043
0.001	0	-2	6.72043
0.001	0	-2	6.72043
0.001	0	-2	6.72043
0.001	0	-2	6.72043
0.001	0	-2	6.72043
0.001	0	-2	6.72043
0.001	0	-2	6.72043
0.001	0	-2	6.72043
0.001	0	-2	6.72043
0.001	0	-2	6.72043
0.001	0	-2	6.72043
0.001	0	-2	6.72043
0.001	0	-2	6.72043
0.001	0	-2	6.72043
0.001	0	-2	6.72043
0.001	0	-2	6.72043
0.001	0	-2	6.72043
0.001	0	-2	6.72043
0.001	0	-2	6.72043
0.001	0	-2	6.72043
0.001	0	-2	6.72043
0.001	0	-2	6.72043
0.001	0	-2	6.72043
0.001	0	-2	6.72043
0.001	0	-2	6.72043
0.001	0	-2	6.72043
0.001	0	-2	6.72043
0.001	0	-2	6.72043
0.001	0	-2	6.72043
0.001	0	-2	6.72043
0.001	0	-2	6.72043
0.001	0	-2	6.72043
0.001	0	-2	6.72043
0.001	0	-2	6.72043
0.001	0	-2	6.72043
0.001	0	-2	6.72043
0.001	0	-2	6.72043
0.001	0	-2	6.72043
0.001	0	-2	6.72043
0.001	0	-2	6.72043
0.001	0	-2	6.72043
0.001	0	-2	6.72043
0.001	0	-2	6.72043
0.001	0	-2	6.72043
0.001	0	-2	6.72043
0.001	0	-2	6.72043
0.001	0	-2	6.72043
0.001	0	-2	6.72043
0.001	0	-2	6.72043
0.001	0	-2	6.72043
0.001	0	-2	6.72043
0.001	0	-2	6.72043
0.001	0	-2	6.72043
0.001	0	-2	6.72043
0.001	0	-2	6.72043
0.001	0	-2	6.72043
0.001	0	-2	6.72043
0.001	0	-2	6.72043
0.001	0	-2	6.72043
0.001	0	-2	6.72043
0.001	0	-2	6.72043
0.001	0	-2	6.72043
0.001	0	-2	6.72043
0.001	0	-2	6.72043
0.001	0	-2	6.72043
0.001	0	-2	6.72043
0.001	0	-2	6.72043
0.001	0	-2	6.72043
0.001	0	-2	6.72043
0.001	0	-2	6.72043
0.001	0	-2	6.72043
0.001	0	-2	6.72043
0.001	0	-2	6.72043
0.001	0	-2	6.72043
0.001	0	-2	6.72043
0.001	0	-2	6.72043
0.001	0	-2	6.72043
0.001	0	-2	6.72043
0.001	0	-2	6.72043
0.001	0	-2	6.72043
0.001	0	-2	6.72043
0.001	0	-2	6.72043
0.001	0	-2	6.72043
0.001	0	-2	6.72043
0.001	0	-2	6.72043
0.001	0	-2	6.72043
0.001	0	-2	6.72043
0.001	0	-2	6.72043
0.001	0	-2	6.72043
0.001	0	-2	6.72043
0.001	0	-2	6.72043
0.001	0	-2	6.72043
0.001	0	-2	6.72043
0.001	0	-2	6.72043
0.001	0	-2	6.72043
0.001	0	-2	6.72043
0.001	0	-2	6.72043
0.001	0	-2	6.72043
0.001	0	-2	6.72043
0.001	0	-2	6.72043
0.001	0	-2	6.72043
0.001	0	-2	6.72043
0.001	0	-2	6.72043
0.001	0	-2	6.72043
0.001	0	-2	6.72043
0.001	0	-2	6.72043
0.001	0	-2	6.72043
0.001	0	-2	6.72043
0.001	0	-2	6.72043
0.001	0	-2	6.72043
0.001	0	-2	6.72043
0.001	0	-2	6.72043
0.001	0	-2	6.72043
0.001	0	-2	6.72043
0.001	0	-2	6.72043
0.001	0	-2	6.72043
0.001	0	-2	6.72043
0.001	0	-2	6.72043
0.001	0	-2	6.72043
0.001	0	-2	6.72043
0.001	0	-2	6.72043
0.001	0	-2	6.72043
0.001	0	-2	6.72043
0.001	0	-2	6.72043
0.001	0	-2	6.72043
0.001	0	-2	6.72043
0.001	0	-2	6.72043
0.001	0	-2	6.72043
0.001	0	-2	6.72043
0.001	0	-2	6.72043
0.001	0	-2	6.72043
0.001	0	-2	6.72043
0.001	0	-2	6.72043
0.001	0	-2	6.72043
0.001	0	-2	6.72043
0.001	0	-2	6.72043
0.001	0	-2	6.72043
0.001	0	-2	6.72043
0.001	0	-2	6.72043
0.001	0	-2	6.72043
0.001	0	-2	6.72043
0.001	0	-2	6.72043
0.001	0	-2	6.72043
0.001	0	-2	6.72043
0.001	0	-2	6.72043
0.001	0	-2	6.72043
0.001	0	-2	6.72043
0.001	0	-2	6.72043
0.001	0	-2	6.72043
0.001	0	-2	6.72043
0.001	0	-2	6.72043
0.001	0	-2	6.72043
0.001	0	-2	6.72043
0.001	0	-2	6.72043
0.001	0	-2	6.72043
0.001	0	-2	6.72043
0.001	0	-2	6.72043
0.001	0	-2	6.72043
0.001	0	-2	6.72043
0.001	0	-2	6.72043
0.001	0	-2	6.72043
0.001	0	-2	6.72043
0.001	0	-2	6.72043
0.001	0	-2	6.72043
0.001	0	-2	6.72043
0.001	0	-2	6.72043
0.001	0	-2	6.72043
0.001	0	-2	6.72043
0.001	0	-2	6.72043
0.001	0	-2	6.72043
0.001	0	-2	6.72043
0.001	0	-2	6.72043
0.001	0	-2	6.72043
0.001	0	-2	6.72043
0.001	0	-2	6.72043
0.001	0	-2	6.72043
0.001	0	-2	6.72043
0.001	0	-2	6.72043
0.001	0	-2	6.72043
0.001	0	-2	6.72043
0.001	0	-2	6.72043
0.001	0	-2	6.72043
0.001	0	-2	6.72043
0.001	0	-2	6.72043
0.001	0	-2	6.72043
0.001	0	-2	6.72043
0.001	0	-2	6.72043
0.001	0	-2	6.72043
0.001	0	-2	6.72043
0.001	0	-2	6.72043
0.001	0	-2	6.72043
0.001	0	-2	6.72043
0.001	0	-2	6.72043
0.001	0	-2	6.72043
0.001	0	-2	6.72043
0.001	0	-2	6.72043
0.001	0	-2	6.72043
0.001	0	-2	6.72043
0.001	0	-2	6.72043
0.001	0	-2	6.72043
0.001	0	-2	6.72043
0.001	0	-2	6.72043
0.001	0	-2	6.72043
0.001	0	-2	6.72043
0.001	0	-2	6.72043
0.001	0	-2	6.72043
0.001	0	-2	6.72043
0.001	0	-2	6.72043
0.001	0	-2	6.72043
0.001	0	-2	6.72043
0.001	0	-2	6.72043
0.001	0	-2	6.72043
0.001	0	-2	6.72043
0.001	0	-2	6.72043
0.001	0	-2	6.72043
0.001	0	-2	6.72043
0.001	0	-2	6.72043
0.001	0	-2	6.72043
0.001	0	-2	6.72043
0.001	0	-2	6.72043
0.001	0	-2	6.72043
0.001	0	-2	6.72043
0.001	0	-2	6.72043
0.001	0	-2	6.72043
0.001	0	-2	6.72043
0.001	0	-2	6.72043
0.001	0	-2	6.72043
0.001	0	-2	6.72043
0.001	0	-2	6.72043
0.001	0	-2	6.72043
0.001	0	-2	6.72043
0.001	0	-2	6.72043
0.001	0	-2	6.72043
0.001	0	-2	6.72043
0.001	0	-2	6.72043
0.001	0	-2	6.72043
0.001	0	-2	6.72043
0.001	0	-2	6.72043
0.001	0	-2	6.72043
0.001	0	-2	6.72043
0.001	0	-2	6.72043
0.001	0	-2	6.72043
0.001	0	-2	6.72043
0.001	0	-2	6.72043
0.001	0	-2	6.72043
0.001	0	-2	6.72043
0.001	0	-2	6.72043
0.001	0	-2	6.72043
0.001	0	-2	6.72043
0.001	0	-2	6.72043
0.001	0	-2	6.72043
0.001	0	-2	6.72043
0.001	0	-2	6.72043
0.001	0	-2	6.72043
0.001	0	-2	6.72043
0.001	0	-2	6.72043
0.001	0	-2	6.72043
0.001	0	-2	6.72043
0.001	0	-2	6.72043
0.001	0	-2	6.72043
0.001	0	-2	6.72043
0.001	0	-2	6.72043
0.001	0	-2	6.72043
0.001	0	-2	6.72043
0.001	0	-2	6.72043
0.001	0	-2	6.72043
0.001	0	-2	6.72043
0.001	0	-2	6.72043
0.001	0	-2	6.72043
0.001	0	-2	6.72043
0.001	0	-2	6.72043
0.001	0	-2	6.72043
0.001	0	-2	6.72043
0.001	0	-2	6.72043
0.001	0	-2	6.72043
0.001	0	-2	6.72043
0.001	0	-2	6.72043
0.001	0	-2	6.72043
0.001	0	-2	6.72043
0.001	0	-2	6.72043
0.001	0	-2	6.72043
0.001	0	-2	6.72043
0.001	0	-2	6.72043
0.001	0	-2	6.72043
0.001	0	-2	6.72043
0.001	0	-2	6.72043
0.001	0	-2	6.72043
0.001	0	-2	6.72043
0.001	0	-2	6.72043
0.001	0	-2	6.72043
0.001	0	-2	6.72043
0.001	0	-2	6.72043
0.001	0	-2	6.72043
0.001	0	-2	6.72043
0.001	0	-2	6.72043
0.001	0	-2	6.72043
0.001	0	-2	6.72043
0.001	0	-2	6.72043
0.001	0	-2	6.72043
0.001	0	-2	6.72043
0.001	0	-2	6.72043
0.001	0	-2	6.72043
0.001	0	-2	6.72043
0.001	0	-2	6.72043
0.001	0	-2	6.72043
0.001	0	-2	6.72043
0.001	0	-2	6.72043
0.001	0	-2	6.72043
0.001	0	-2	6.72043
0.001	0	-2	6.72043
0.001	0	-2	6.72043
0.001	0	-2	6.72043
0.001	0	-2	6.72043
0.001	0	-2	6.72043
0.001	0	-2	6.72043
0.001	0	-2	6.72043
0.001	0	-2	6.72043
0.001	0	-2	6.72043
0.001	0	-2	6.72043
0.001	0	-2	6.72043
0.001	0	-2	6.72043
0.001	0	-2	6.72043
0.001	0	-2	6.72043
0.001	0	-2	6.72043
0.001	0	-2	6.72043
0.001	0	-2	6.72043
0.001	0	-2	6.72043
0.001	0	-2	6.72043
0.001	0	-2	6.72043
0.001	0	-2	6.72043
0.001	0	-2	6.72043
0.001	0	-2	6.72043
0.001	0	-2	6.72043
0.001	0	-2	6.72043
0.001	0	-2	6.72043
0.001	0	-2	6.72043
0.001	0	-2	6.72043
0.001	0	-2	6.72043
0.001	0	-2	6.72043
0.001	0	-2	6.72043
0.001	0	-2	6.72043
0.001	0	-2	6.72043
0.001	0	-2	6.72043
0.001	0	-2	6.72043
0.001	0	-2	6.72043
0.001	0	-2	6.72043
0.001	0	-2	6.72043
0.001	0	-2	6.72043
0.001	0	-2	6.72043
0.001	0	-2	6.72043
0.001	0	-2	6.72043
0.001	0	-2	6.72043
0.001	0	-2	6.72043
0.001	0	-2	6.72043
0.001	0	-2	6.72043
0.001	0	-2	6.72043
0.001	0	-2	6.72043
0.001	0	-2	6.72043
0.001	0	-2	6.72043
0.001	0	-2	6.72043
0.001	0	-2	6.72043
0.001	0	-2	6.72043
0.001	0	-2	6.72043
0.001	0	-2	6.72043
0.001	0	-2	6.72043
0.001	0	-2	6.72043
0.001	0	-2	6.72043
0.001	0	-2	6.72043
0.001	0	-2	6.72043
0.001	0	-2	6.72043
0.001	0	-2	6.72043
0.001	0	-2	6.72043
0.001	0	-2	6.72043
0.001	0	-2	6.72043
0.001	0	-2	6.72043
0.001	0	-2	6.72043
0.001	0	-2	6.72043
0.001	0	-2	6.72043
0.001	0	-2	6.72043
0.001	0	-2	6.72043
0.001	0	-2	6.72043
0.001	0	-2	6.72043
0.001	0	-2	6.72043
0.001	0	-2	6.72043
0.001	0	-2	6.72043
0.001	0	-2	6.72043
0.001	0	-2	6.72043
0.001	0	-2	6.72043
0.001	0	-2	6.72043
0.001	0	-2	6.72043
0.001	0	-2	6.72043
0.001	0	-2	6.72043
0.001	0	-2	6.72043
0.001	0	-2	6.72043
0.001	0	-2	6.72043
0.001	0	-2	6.72043
0.001	0	-2	6.72043
0.001	0	-2	6.72043
0.001	0	-2	6.72043
0.001	0	-2	6.72043
0.001	0	-2	6.72043
0.001	0	-2	6.72043
0.001	0	-2	6.72043
0.001	0	-2	6.72043
0.001	0	-2	6.72043
0.001	0	-2	6.72043
0.001	0	-2	6.72043
0.001	0	-2	6.72043
0.001	0	-2	6.72043
0.001	0	-2	6.72043
0.001	0	-2	6.72043
0.001	0	-2	6.72043
0.001	0	-2	6.72043
0.001	0	-2	6.72043
0.001	0	-2	6.72043
0.001	0	-2	6.72043
0.001	0	-2	6.72043
0.001	0	-2	6.72043
0.001	0	-2	6.72043
0.001	0	-2	6.72043
0.001	0	-2	6.72043
0.001	0	-2	6.72043
0.001	0	-2	6.72043
0.001	0	-2	6.72043
0.001	0	-2	6.72043
0.001	0	-2	6.72043
0.001	0	-2	6.72043
0.001	0	-2	6.72043
0.001	0	-2	6.72043
0.001	0	-2	6.72043
0.001	0	-2	6.72043
0.001	0	-2	6.72043
0.001	0	-2	6.72043
0.001	0	-2	6.72043
0.001	0	-2	6.72043
0.001	0	-2	6.72043
0.001	0	-2	6.72043
0.001	0	-2	6.72043
0.001	0	-2	6.72043
0.001	0	-2	6.72043
0.001	0	-2	6.72043
0.001	0	-2	6.72043
0.001	0	-2	6.72043
0.001	0	-2	6.72043
0.001	0	-2	6.72043
0.001	0	-2	6.72043
0.001	0	-2	6.72043
0.001	0	-2	6.72043
0.001	0	-2	6.72043
0.001	0	-2	6.72043
0.001	0	-2	6.72043
0.001	0	-2	6.72043
0.001	0	-2	6.72043
0.001	0	-2	6.72043
0.001	0	-2	6.72043
0.001	0	-2	6.72043
0.001	0	-2	6.72043
0.001	0	-2	6.72043
0.001	0	-2	6.72043
0.001	0	-2	6.72043
0.001	0	-2	6.72043
0.001	0	-2	6.72043
0.001	0	-2	6.72043
0.001	0	-2	6.72043
0.001	0	-2	6.72043
0.001	0	-2	6.72043
0.001	0	-2	6.72043
0.001	0	-2	6.72043
0.001	0	-2	6.72043
0.001	0	-2	6.72043
0.001	0	-2	6.72043
0.001	0	-2	6.72043
0.001	0	-2	6.72043
0.001	0	-2	6.72043
0.001	0	-2	6.72043
0.001	0	-2	6.72043
0.001	0	-2	6.72043
0.001	0	-2	6.72043
0.001	0	-2	6.72043
0.001	0	-2	6.72043
0.001	0	-2	6.72043
0.001	0	-2	6.72043
0.001	0	-2	6.72043
0.001	0	-2	6.72043
0.001	0	-2	6.72043
0.001	0	-2	6.72043
0.001	0	-2	6.72043
0.001	0	-2	6.72043
0.001	0	-2	6.72043
0.001	0	-2	6.72043
0.001	0	-2	6.72043
0.001	0	-2	6.72043
0.001	0	-2	6.72043
0.001	0	-2	6.72043
0.001	0	-2	6.72043
0.001	0	-2	6.72043
0.001	0	-2	6.72043
0.001	0	-2	6.72043
0.001	0	-2	6.72043
0.001	0	-2	6.72043
0.001	0	-2	6.72043
0.001	0	-2	6.72043
0.001	0	-2	6.72043
0.001	0	-2	6.72043
0.001	0	-2	6.72043
0.001	0	-2	6.72043
0.001	0	-2	6.72043
0.001	0	-2	6.72043
0.001	0	-2	6.72043
0.001	0	-2	6.72043
0.001	0	-2	6.72043
0.001	0	-2	6.72043
0.001	0	-2	6.72043
0.001	0	-2	6.72043
0.001	0	-2	6.72043
0.001	0	-2	6.72043
0.001	0	-2	6.72043
0.001	0	-2	6.72043
0.001	0	-2	6.72043
0.001	0	-2	6.72043
0.001	0	-2	6.72043
0.001	0	-2	6.72043
0.001	0	-2	6.72043
0.001	0	-2	6.72043
0.001	0	-2	6.72043
0.001	0	-2	6.72043
0.001	0	-2	6.72043
0.001	0	-2	6.72043
0.001	0	-2	6.72043
0.001	0	-2	6.72043
0.001	0	-2	6.72043
0.001	0	-2	6.72043
0.001	0	-2	6.72043
0.001	0	-2	6.72043
0.001	0	-2	6.72043
0.001	0	-2	6.72043
0.001	0	-2	6.72043
0.001	0	-2	6.72043
0.001	0	-2	6.72043
0.001	0	-2	6.72043
0.001	0	-2	6.72043
0.001	0	-2	6.72043
0.001	0	-2	6.72043
0.001	0	-2	6.72043
0.001	0	-2	6.72043
0.001	0	-2	6.72043
0.001	0	-2	6.72043
0.001	0	-2	6.72043
0.001	0	-2	6.72043
0.001	0	-2	6.72043
0.001	0	-2	6.72043
0.001	0	-2	6.72043
0.001	0	-2	6.72043
0.001	0	-2	6.72043
0.001	0	-2	6.72043
0.001	0	-2	6.72043
0.001	0	-2	6.72043
0.001	0	-2	6.72043
0.001	0	-2	6.72043
0.001	0	-2	6.72043
0.001	0	-2	6.72043
0.001	0	-2	6.72043
0.001	0	-2	6.72043
0.001	0	-2	6.72043
0.001	0	-2	6.72043
0.001	0	-2	6.72043
0.001	0	-2	6.72043
0.001	0	-2	6.72043
0.001	0	-2	6.72043
0.001	0	-2	6.72043
0.001	0	-2	6.72043
0.001	0	-2	6.72043
0.001	0	-2	6.72043
0.001	0	-2	6.72043
0.001	0	-2	6.72043
0.001	0	-2	6.72043
0.001	0	-2	6.72043
0.001	0	-2	6.72043
0.001	0	-2	6.72043
0.001	0	-2	6.72043
0.001	0	-2	6.72043
0.001	0	-2	6.72043
0.001	0	-2	6.72043
0.001	0	-2	6.72043
0.001	0	-2	6.72043
0.001	0	-2	6.72043
0.001	0	-2	6.72043
0.001	0	-2	6.72043
0.001	0	-2	6.72043
0.001	0	-2	6.72043
0.001	0	-2	6.72043
0.001	0	-2	6.72043
0.001	0	-2	6.72043
0.001	0	-2	6.72043
0.001	0	-2	6.72043
0.001	0	-2	6.72043
0.001	0	-2	6.72043
0.001	0	-2	6.72043
0.001	0	-2	6.72043
0.001	0	-2	6.72043
0.001	0	-2	6.72043
0.001	0	-2	6.72043
0.001	0	-2	6.72043
0.001	0	-2	6.72043
0.001	0	-2	6.72043
0.001	0	-2	6.72043
0.001	0	-2	6.72043
0.001	0	-2	6.72043
0.001	0	-2	6.72043
0.001	0	-2	6.72043
0.001	0	-2	6.72043
0.001	0	-2	6.72043
0.001	0	-2	6.72043
0.001	0	-2	6.72043
0.001	0	-2	6.72043
0.001	0	-2	6.72043
0.001	0	-2	6.72043
0.001	0	-2	6.72043
0.001	0	-2	6.72043
0.001	0	-2	6.72043
0.001	0	-2	6.72043
0.001	0	-2	6.72043
0.001	0	-2	6.72043
0.001	0	-2	6.72043
0.001	0	-2	6.72043
0.001	0	-2	6.72043
0.001	0	-2	6.72043
0.001	0	-2	6.72043
0.001	0	-2	6.72043
0.001	0	-2	6.72043
0.001	0	-2	6.72043
0.001	0	-2	6.72043
0.001	0	-2	6.72043
0.001	0	-2	6.72043
0.001	0	-2	6.72043
0.001	0	-2	6.72043
0.001	0	-2	6.72043
0.001	0	-2	6.72043
0.001	0	-2	6.72043
0.001	0	-2	6.72043
0.001	0	-2	6.62742
0.001	0	-2	6.59922
0.001	0	-2	6.57102
0.001	0	-2	6.54712
0.001	0	-2	6.52333
0.001	0	-2	6.50275
0.001	0	-2	6.48233
0.001	0	-2	6.46437
0.001	0	-2	6.44660
0.001	0	-2	6.43078
0.001	0	-2	6.41516
0.001	0	-2	6.40111
0.001	0	-2	6.38727
0.001	0	-2	6.37470
0.001	0	-2	6.36235
0.001	0	-2	6.35105
0.001	0	-2	6.33996
0.001	0	-2	6.32976
0.001	0	-2	6.31976
0.001	0	-2	6.31051
0.001	0	-2	6.30147
0.001	0	-2	6.29305
0.001	0	-2	6.28484
0.001	0	-2	6.27717
0.001	0	-2	6.26970
0.001	0	-2	6.26269
0.001	0	-2	6.25588
0.001	0	-2	6.24947
0.001	0	-2	6.24325
0.001	0	-2	6.23737
0.001	0	-2	6.23167
0.001	0	-2	6.22629
0.001	0	-2	6.22107
0.001	0	-2	6.21613
0.001	0	-2	6.21136
0.001	0	-2	6.20682
0.001	0	-2	6.20245
0.001	0	-2	6.19828
0.001	0	-2	6.19428
0.001	0	-2	6.19045
0.001	0	-2	6.18678
0.001	0	-2	6.18327
0.001	0	-2	6.17992
0.001	0	-2	6.17670
0.001	0	-2	6.17364
0.001	0	-2	6.17069
0.001	0	-2	6.16789
0.001	0	-2	6.16520
0.001	0	-2	6.16264
0.001	0	-2	6.16019
0.001	0	-2	6.15787
0.001	0	-2	6.15564
0.001	0	-2	6.15354
0.001	0	-2	6.15151
0.001	0	-2	6.14961
0.001	0	-2	6.14778
0.001	0	-2	6.14607
0.001	0	-2	6.14442
0.001	0	-2	6.14289
0.001	0	-2	6.14141
0.001	0	-2	6.14005
0.001	0	-2	6.13874
0.001	0	-2	6.13754
0.001	0	-2	6.13637
0.001	0	-2	6.13532
0.001	0	-2	6.13430
0.001	0	-2	6.13339
0.001	0	-2	6.13251
0.001	0	-2	6.13173
0.001	0	-2	6.13098
0.001	0	-2	6.13033
0.001	0	-2	6.12970
0.001	0	-2	6.12917
0.001	0	-2	6.12866
0.001	0	-2	6.12825
0.001	0	-2	6.12785
0.001	0	-2	6.12754
0.001	0	-2	6.12725
0.001	0	-2	6.12705
0.001	0	-2	6.12685
0.001	0	-2	6.12675
0.001	0	-2	6.12665
0.001	0	-2	6.12664
0.001	0	-2	6.12663
0.001	0	-2	6.12680
0.001	0	-2	6.12735
0.001	0	-2	6.12820
0.001	0	-2	6.12939
0.001	0	-2	6.13085
0.001	0	-2	6.13259
0.001	0	-2	6.13460
0.001	0	-2	6.13683
0.001	0	-2	6.13931
0.001	0	-2	6.14199
0.001	0	-2	6.14488
0.001	0	-2	6.14794
0.001	0	-2	6.15120
0.001	0	-2	6.15463
0.001	0	-2	6.15820
0.001	0	-2	6.16194
0.001	0	-2	6.16581
0.001	0	-2	6.16982
0.001	0	-2	6.17395
0.001	0	-2	6.17820
0.001	0	-2	6.18256
0.001	0	-2	6.18702
0.001	0	-2	6.19158
0.001	0	-2	6.19623
0.001	0	-2	6.20097
0.001	0	-2	6.20579
0.001	0	-2	6.21069
0.001	0	-2	6.21566
0.001	0	-2	6.22068
0.001	0	-2	6.22577
0.001	0	-2	6.23092
0.001	0	-2	6.23612
0.001	0	-2	6.24136
0.001	0	-2	6.24665
0.001	0	-2	6.25197
0.001	0	-2	6.25734
0.001	0	-2	6.26273
0.001	0	-2	6.26816
0.001	0	-2	6.27360
0.001	0	-2	6.27908
0.001	0	-2	6.28457
0.001	0	-2	6.29007
0.001	0	-2	6.29559
0.001	0	-2	6.30111
0.001	0	-2	6.30665
0.001	0	-2	6.31219
0.001	0	-2	6.31773
0.001	0	-2	6.32327
0.001	0	-2	6.32880
0.001	0	-2	6.33433
0.001	0	-2	6.33985
0.001	0	-2	6.34536
0.001	0	-2	6.35086
0.001	0	-2	6.35634
0.001	0	-2	6.36181
0.001	0	-2	6.36726
0.001	0	-2	6.37268
0.001	0	-2	6.37809
0.001	0	-2	6.38346
0.001	0	-2	6.38881
0.001	0	-2	6.39414
0.001	0	-2	6.39943
0.001	0	-2	6.40469
0.001	0	-2	6.40992
0.001	0	-2	6.41512
0.001	0	-2	6.42028
0.001	0	-2	6.42540
0.001	0	-2	6.43048
0.001	0	-2	6.43553
0.001	0	-2	6.44054
0.001	0	-2	6.44549
0.001	0	-2	6.45041
0.001	0	-2	6.45528
0.001	0	-2	6.46011
0.001	0	-2	6.46490
0.001	0	-2	6.46963
0.001	0	-2	6.47431
0.001	0	-2	6.47895
0.001	0	-2	6.48354
0.001	0	-2	6.48807
0.001	0	-2	6.49256
0.001	0	-2	6.49700
0.001	0	-2	6.50137
0.001	0	-2	6.50571
0.001	0	-2	6.50999
0.001	0	-2	6.51420
0.001	0	-2	6.51837
0.001	0	-2	6.52248
0.001	0	-2	6.52654
0.001	0	-2	6.53055
0.001	0	-2	6.53449
0.001	0	-2	6.53838
0.001	0	-2	6.54221
0.001	0	-2	6.54599
0.001	0	-2	6.54972
0.001	0	-2	6.55339
0.001	0	-2	6.55700
0.001	0	-2	6.56056
0.001	0	-2	6.56405
0.001	0	-2	6.56750
0.001	0	-2	6.57088
0.001	0	-2	6.57421
0.001	0	-2	6.57748
0.001	0	-2	6.58070
0.001	0	-2	6.58388
0.001	0	-2	6.58698
0.001	0	-2	6.59004
0.001	0	-2	6.59304
0.001	0	-2	6.59599
0.001	0	-2	6.59888
0.001	0	-2	6.60172
0.001	0	-2	6.60451
0.001	0	-2	6.60725
0.001	0	-2	6.60993
0.001	0	-2	6.61256
0.001	0	-2	6.61515
0.001	0	-2	6.61767
0.001	0	-2	6.62016
0.001	0	-2	6.62259
0.001	0	-2	6.62497
0.001	0	-2	6.62731
0.001	0	-2	6.62960
0.001	0	-2	6.63183
0.001	0	-2	6.63403
0.001	0	-2	6.63618
0.001	0	-2	6.63828
0.001	0	-2	6.64034
0.001	0	-2	6.64235
0.001	0	-2	6.64432
0.001	0	-2	6.64625
0.001	0	-2	6.64813
0.001	0	-2	6.64997
0.001	0	-2	6.65177
0.001	0	-2	6.65354
0.001	0	-2	6.65526
0.001	0	-2	6.65694
0.001	0	-2	6.65860
0.001	0	-2	6.66020
0.001	0	-2	6.66177
0.001	0	-2	6.66330
0.001	0	-2	6.66480
0.001	0	-2	6.66626
0.001	0	-2	6.66769
0.001	0	-2	6.66909
0.001	0	-2	6.67045
0.001	0	-2	6.67178
0.001	0	-2	6.67308
0.001	0	-2	6.67434
0.001	0	-2	6.67558
0.001	0	-2	6.67678
0.001	0	-2	6.67795
0.001	0	-2	6.67910
0.001	0	-2	6.68022
0.001	0	-2	6.68131
0.001	0	-2	6.68237
0.001	0	-2	6.68341
0.001	0	-2	6.68442
0.001	0	-2	6.68540
0.001	0	-2	6.68636
0.001	0	-2	6.68730
0.001	0	-2	6.68821
0.001	0	-2	6.68910
0.001	0	-2	6.68996
0.001	0	-2	6.69081
0.001	0	-2	6.69163
0.001	0	-2	6.69242
0.001	0	-2	6.69321
0.001	0	-2	6.69397
0.001	0	-2	6.69470
0.001	0	-2	6.69542
0.001	0	-2	6.69612
0.001	0	-2	6.69681
0.001	0	-2	6.69747
0.001	0	-2	6.69812
0.001	0	-2	6.69884
0.001	0	-2	6.69955
0.001	0	-2	6.70027
0.001	0	-2	6.70099
0.001	0	-2	6.70170
0.001	0	-2	6.70242
0.001	0	-2	6.70314
0.001	0	-2	6.70385
0.001	0	-2	6.70457
0.001	0	-2	6.70529
0.001	0	-2	6.70601
0.001	0	-2	6.70647
0.001	0	-2	6.70690
0.001	0	-2	6.70733
0.001	0	-2	6.70776
0.001	0	-2	6.70819
0.001	0	-2	6.72043
0.001	0	-2	6.72043
0.001	0	-2	6.72043
0.001	0	-2	6.72043
0.001	0	-2	6.72043
0.001	0	-2	6.72043
0.001	0	-2	6.72043
0.001	0	-2	6.72043
0.001	0	-2	6.72043
0.001	0	-2	6.72043
0.001	0	-2	6.72043
0.001	0	-2	6.72043
0.001	0	-2	6.72043
0.001	0	-2	6.72043
0.001	0	-2	6.72043
0.001	0	-2	6.72043
0.001	0	-2	6.72043
0.001	0	-2	6.72043
0.001	0	-2	6.72043
0.001	0	-2	6.72043
0.001	0	-2	6.72043
0.001	0	-2	6.72043
0.001	0	-2	6.72043
0.001	0	-2	6.72043
0.001	0	-2	6.72043
0.001	0	-2	6.72043
0.001	0	-2	6.72043
0.001	0	-2	6.72043
0.001	0	-2	6.72043
0.001	0	-2	6.72043
0.001	0	-2	6.72043
0.001	0	-2	6.72043
0.001	0	-2	6.72043
0.001	0	-2	6.72043
0.001	0	-2	6.72043
0.001	0	-2	6.72043
0.001	0	-2	6.72043
0.001	0	-2	6.72043
0.001	0	-2	6.72043
0.001	0	-2	6.72043
0.001	0	-2	6.72043
0.001	0	-2	6.72043
0.001	0	-2	6.72043
0.001	0	-2	6.72043
0.001	0	-2	6.72043
0.001	0	-2	6.72043
0.001	0	-2	6.72043
0.001	0	-2	6.72043
0.001	0	-2	6.72043
0.001	0	-2	6.72043
0.001	0	-2	6.72043
0.001	0	-2	6.72043
0.001	0	-2	6.72043
0.001	0	-2	6.72043
0.001	0	-2	6.72043
0.001	0	-2	6.72043
0.001	0	-2	6.72043
0.001	0	-2	6.72043
0.001	0	-2	6.72043
0.001	0	-2	6.72043
0.001	0	-2	6.72043
0.001	0	-2	6.72043
0.001	0	-2	6.72043
0.001	0	-2	6.72043
0.001	0	-2	6.72043
0.001	0	-2	6.72043
0.001	0	-2	6.72043
0.001	0	-2	6.72043
0.001	0	-2	6.72043
0.001	0	-2	6.72043
0.001	0	-2	6.72043
0.001	0	-2	6.72043
0.001	0	-2	6.72043
0.001	0	-2	6.72043
0.001	0	-2	6.72043
0.001	0	-2	6.72043
0.001	0	-2	6.72043
0.001	0	-2	6.72043
0.001	0	-2	6.72043
0.001	0	-2	6.72043
0.001	0	-2	6.72043
0.001	0	-2	6.72043
0.001	0	-2	6.72043
0.001	0	-2	6.72043
0.001	0	-2	6.72043
0.001	0	-2	6.72043
0.001	0	-2	6.72043
0.001	0	-2	6.72043
0.001	0	-2	6.72043
0.001	0	-2	6.72043
0.001	0	-2	6.72043
0.001	0	-2	6.72043
0.001	0	-2	6.72043
0.001	0	-2	6.72043
0.001	0	-2	6.72043
0.001	0	-2	6.72043
0.001	0	-2	6.72043
0.001	0	-2	6.72043
0.001	0	-2	6.72043
0.001	0	-2	6.72043
0.001	0	-2	6.72043
0.001	0	-2	6.72043
0.001	0	-2	6.72043
0.001	0	-2	6.72043
0.001	0	-2	6.72043
0.001	0	-2	6.72043
0.001	0	-2	6.72043
0.001	0	-2	6.72043
0.001	0	-2	6.72043
0.001	0	-2	6.72043
0.001	0	-2	6.72043
0.001	0	-2	6.72043
0.001	0	-2	6.72043
0.001	0	-2	6.72043
0.001	0	-2	6.72043
0.001	0	-2	6.72043
0.001	0	-2	6.72043
0.001	0	-2	6.72043
0.001	0	-2	6.72043
0.001	0	-2	6.72043
0.001	0	-2	6.72043
0.001	0	-2	6.72043
0.001	0	-2	6.72043
0.001	0	-2	6.72043
0.001	0	-2	6.72043
0.001	0	-2	6.72043
0.001	0	-2	6.72043
0.001	0	-2	6.72043
0.001	0	-2	6.72043
0.001	0	-2	6.72043
0.001	0	-2	6.72043
0.001	0	-2	6.72043
0.001	0	-2	6.72043
0.001	0	-2	6.72043
0.001	0	-2	6.72043
0.001	0	-2	6.72043
0.001	0	-2	6.72043
0.001	0	-2	6.72043
0.001	0	-2	6.72043
0.001	0	-2	6.72043
0.001	0	-2	6.72043
0.001	0	-2	6.72043
0.001	0	-2	6.72043
0.001	0	-2	6.72043
0.001	0	-2	6.72043
0.001	0	-2	6.72043
0.001	0	-2	6.72043
0.001	0	-2	6.72043
0.001	0	-2	6.72043
0.001	0	-2	6.72043
0.001	0	-2	6.72043
0.001	0	-2	6.72043
0.001	0	-2	6.72043
0.001	0	-2	6.72043
0.001	0	-2	6.72043
0.001	0	-2	6.72043
0.001	0	-2	6.72043
0.001	0	-2	6.72043
0.001	0	-2	6.72043
0.001	0	-2	6.72043
0.001	0	-2	6.72043
0.001	0	-2	6.72043
0.001	0	-2	6.72043
0.001	0	-2	6.72043
0.001	0	-2	6.72043
0.001	0	-2	6.72043
0.001	0	-2	6.72043
0.001	0	-2	6.72043
0.001	0	-2	6.72043
0.001	0	-2	6.72043
0.001	0	-2	6.72043
0.001	0	-2	6.72043
0.001	0	-2	6.72043
0.001	0	-2	6.72043
0.001	0	-2	6.72043
0.001	0	-2	6.72043
0.001	0	-2	6.72043
0.001	0	-2	6.72043
0.001	0	-2	6.72043
0.001	0	-2	6.72043
0.001	0	-2	6.72043
0.001	0	-2	6.72043
0.001	0	-2	6.72043
0.001	0	-2	6.72043
0.001	0	-2	6.72043
0.001	0	-2	6.72043
0.001	0	-2	6.72043
0.001	0	-2	6.72043
0.001	0	-2	6.72043
0.001	0	-2	6.72043
0.001	0	-2	6.72043
0.001	0	-2	6.72043
0.001	0	-2	6.72043
0.001	0	-2	6.72043
0.001	0	-2	6.72043
0.001	0	-2	6.72043
0.001	0	-2	6.72043
0.001	0	-2	6.72043
0.001	0	-2	6.72043
0.001	0	-2	6.72043
0.001	0	-2	6.72043
0.001	0	-2	6.72043
0.001	0	-2	6.72043
0.001	0	-2	6.72043
0.001	0	-2	6.72043
0.001	0	-2	6.72043
0.001	0	-2	6.72043
0.001	0	-2	6.72043
0.001	0	-2	6.72043
0.001	0	-2	6.72043
0.001	0	-2	6.72043
0.001	0	-2	6.72043
0.001	0	-2	6.72043
0.001	0	-2	6.72043
0.001	0	-2	6.72043
0.001	0	-2	6.72043
0.001	0	-2	6.72043
0.001	0	-2	6.72043
0.001	0	-2	6.72043
0.001	0	-2	6.72043
0.001	0	-2	6.72043
0.001	0	-2	6.72043
0.001	0	-2	6.72043
0.001	0	-2	6.72043
0.001	0	-2	6.72043
0.001	0	-2	6.72043
0.001	0	-2	6.72043
0.001	0	-2	6.72043
0.001	0	-2	6.72043
0.001	0	-2	6.72043
0.001	0	-2	6.72043
0.001	0	-2	6.72043
0.001	0	-2	6.72043
0.001	0	-2	6.72043
0.001	0	-2	6.72043
0.001	0	-2	6.72043
0.001	0	-2	6.72043
0.001	0	-2	6.72043
0.001	0	-2	6.72043
0.001	0	-2	6.72043
0.001	0	-2	6.72043
0.001	0	-2	6.72043
0.001	0	-2	6.72043
0.001	0	-2	6.72043
0.001	0	-2	6.72043
0.001	0	-2	6.72043
0.001	0	-2	6.72043
0.001	0	-2	6.72043
0.001	0	-2	6.72043
0.001	0	-2	6.72043
0.001	0	-2	6.72043
0.001	0	-2	6.72043
0.001	0	-2	6.72043
0.001	0	-2	6.72043
0.001	0	-2	6.72043
0.001	0	-2	6.72043
0.001	0	-2	6.72043
0.001	0	-2	6.72043
0.001	0	-2	6.72043
0.001	0	-2	6.72043
0.001	0	-2	6.72043
0.001	0	-2	6.72043
0.001	0	-2	6.72043
0.001	0	-2	6.72043
0.001	0	-2	6.72043
0.001	0	-2	6.72043
0.001	0	-2	6.72043
0.001	0	-2	6.72043
0.001	0	-2	6.72043
0.001	0	-2	6.72043
0.001	0	-2	6.72043
0.001	0	-2	6.72043
0.001	0	-2	6.72043
0.001	0	-2	6.72043
0.001	0	-2	6.72043
0.001	0	-2	6.72043
0.001	0	-2	6.72043
0.001	0	-2	6.72043
0.001	0	-2	6.72043
0.001	0	-2	6.72043
0.001	0	-2	6.72043
0.001	0	-2	6.72043
0.001	0	-2	6.72043
0.001	0	-2	6.72043
0.001	0	-2	6.72043
0.001	0	-2	6.72043
0.001	0	-2	6.72043
0.001	0	-2	6.72043
0.001	0	-2	6.72043
0.001	0	-2	6.72043
0.001	0	-2	6.72043
0.001	0	-2	6.72043
0.001	0	-2	6.72043
0.001	0	-2	6.72043
0.001	0	-2	6.72043
0.001	0	-2	6.72043
0.001	0	-2	6.72043
0.001	0	-2	6.72043
0.001	0	-2	6.72043
0.001	0	-2	6.72043
0.001	0	-2	6.72043
0.001	0	-2	6.72043
0.001	0	-2	6.72043
0.001	0	-2	6.72043
0.001	0	-2	6.72043
0.001	0	-2	6.72043
0.001	0	-2	6.72043
0.001	0	-2	6.72043
0.001	0	-2	6.72043
0.001	0	-2	6.72043
0.001	0	-2	6.72043
0.001	0	-2	6.72043
0.001	0	-2	6.72043
0.001	0	-2	6.72043
0.001	0	-2	6.72043
0.001	0	-2	6.72043
0.001	0	-2	6.72043
0.001	0	-2	6.72043
0.001	0	-2	6.72043
0.001	0	-2	6.72043
0.001	0	-2	6.72043
0.001	0	-2	6.72043
0.001	0	-2	6.72043
0.001	0	-2	6.72043
0.001	0	-2	6.72043
0.001	0	-2	6.72043
0.001	0	-2	6.72043
0.001	0	-2	6.72043
0.001	0	-2	6.72043
0.001	0	-2	6.72043
0.001	0	-2	6.72043
0.001	0	-2	6.72043
0.001	0	-2	6.72043
0.001	0	-2	6.72043
0.001	0	-2	6.72043
0.001	0	-2	6.72043
0.001	0	-2	6.72043
0.001	0	-2	6.72043
0.001	0	-2	6.72043
0.001	0	-2	6.72043
0.001	0	-2	6.72043
0.001	0	-2	6.72043
0.001	0	-2	6.72043
0.001	0	-2	6.72043
0.001	0	-2	6.72043
0.001	0	-2	6.72043
0.001	0	-2	6.72043
0.001	0	-2	6.72043
0.001	0	-2	6.72043
0.001	0	-2	6.72043
0.001	0	-2	6.72043
0.001	0	-2	6.72043
0.001	0	-2	6.72043
0.001	0	-2	6.72043
0.001	0	-2	6.72043
0.001	0	-2	6.72043
0.001	0	-2	6.72043
0.001	0	-2	6.72043
0.001	0	-2	6.72043
0.001	0	-2	6.72043
0.001	0	-2	6.72043
0.001	0	-2	6.72043
0.001	0	-2	6.72043
0.001	0	-2	6.72043
0.001	0	-2	6.72043
0.001	0	-2	6.72043
0.001	0	-2	6.72043
0.001	0	-2	6.72043
0.001	0	-2	6.72043
0.001	0	-2	6.72043
0.001	0	-2	6.72043
0.001	0	-2	6.72043
0.001	0	-2	6.72043
0.001	0	-2	6.72043
0.001	0	-2	6.72043
0.001	0	-2	6.72043
0.001	0	-2	6.72043
0.001	0	-2	6.72043
0.001	0	-2	6.72043
0.001	0	-2	6.72043
0.001	0	-2	6.72043
0.001	0	-2	6.72043
0.001	0	-2	6.72043
0.001	0	-2	6.72043
0.001	0	-2	6.72043
0.001	0	-2	6.72043
0.001	0	-2	6.72043
0.001	0	-2	6.72043
0.001	0	-2	6.72043
0.001	0	-2	6.72043
0.001	0	-2	6.72043
0.001	0	-2	6.72043
0.001	0	-2	6.72043
0.001	0	-2	6.72043
0.001	0	-2	6.72043
0.001	0	-2	6.72043
0.001	0	-2	6.72043
0.001	0	-2	6.72043
0.001	0	-2	6.72043
0.001	0	-2	6.72043
0.001	0	-2	6.72043
0.001	0	-2	6.72043
0.001	0	-2	6.72043
0.001	0	-2	6.72043
0.001	0	-2	6.72043
0.001	0	-2	6.72043
0.001	0	-2	6.72043
0.001	0	-2	6.72043
0.001	0	-2	6.72043
0.001	0	-2	6.72043
0.001	0	-2	6.72043
0.001	0	-2	6.72043
0.001	0	-2	6.72043
0.001	0	-2	6.72043
0.001	0	-2	6.72043
0.001	0	-2	6.72043
0.001	0	-2	6.72043
0.001	0	-2	6.72043
0.001	0	-2	6.72043
0.001	0	-2	6.72043
0.001	0	-2	6.72043
0.001	0	-2	6.72043
0.001	0	-2	6.72043
0.001	0	-2	6.72043
0.001	0	-2	6.72043
0.001	0	-2	6.72043
0.001	0	-2	6.72043
0.001	0	-2	6.72043
0.001	0	-2	6.72043
0.001	0	-2	6.72043
0.001	0	-2	6.72043
0.001	0	-2	6.72043
0.001	0	-2	6.72043
0.001	0	-2	6.72043
0.001	0	-2	6.72043
0.001	0	-2	6.72043
0.001	0	-2	6.72043
0.001	0	-2	6.72043
0.001	0	-2	6.72043
0.001	0	-2	6.72043
0.001	0	-2	6.72043
0.001	0	-2	6.72043
0.001	0	-2	6.72043
0.001	0	-2	6.72043
0.001	0	-2	6.72043
0.001	0	-2	6.72043
0.001	0	-2	6.72043
0.001	0	-2	6.72043
0.001	0	-2	6.72043
0.001	0	-2	6.72043
0.001	0	-2	6.72043
0.001	0	-2	6.72043
0.001	0	-2	6.72043
0.001	0	-2	6.72043
0.001	0	-2	6.72043
0.001	0	-2	6.72043
0.001	0	-2	6.72043
0.001	0	-2	6.72043
0.001	0	-2	6.72043
0.001	0	-2	6.72043
0.001	0	-2	6.72043
0.001	0	-2	6.72043
0.001	0	-2	6.72043
0.001	0	-2	6.72043
0.001	0	-2	6.72043
0.001	0	-2	6.72043
0.001	0	-2	6.72043
0.001	0	-2	6.72043
0.001	0	-2	6.72043
0.001	0	-2	6.72043
0.001	0	-2	6.72043
0.001	0	-2	6.72043
0.001	0	-2	6.72043
0.001	0	-2	6.72043
0.001	0	-2	6.72043
0.001	0	-2	6.72043
0.001	0	-2	6.72043
0.001	0	-2	6.72043
0.001	0	-2	6.72043
0.001	0	-2	6.72043
0.001	0	-2	6.72043
0.001	0	-2	6.72043
0.001	0	-2	6.72043
0.001	0	-2	6.72043
0.001	0	-2	6.72043
0.001	0	-2	6.72043
0.001	0	-2	6.72043
0.001	0	-2	6.72043
0.001	0	-2	6.72043
0.001	0	-2	6.72043
0.001	0	-2	6.72043
0.001	0	-2	6.72043
0.001	0	-2	6.72043
0.001	0	-2	6.72043
0.001	0	-2	6.72043
0.001	0	-2	6.72043
0.001	0	-2	6.72043
0.001	0	-2	6.72043
0.001	0	-2	6.72043
0.001	0	-2	6.72043
0.001	0	-2	6.72043
0.001	0	-2	6.72043
0.001	0	-2	6.72043
0.001	0	-2	6.72043
0.001	0	-2	6.72043
0.001	0	-2	6.72043
0.001	0	-2	6.72043
0.001	0	-2	6.72043
0.001	0	-2	6.72043
0.001	0	-2	6.72043
0.001	0	-2	6.72043
0.001	0	-2	6.72043
0.001	0	-2	6.72043
0.001	0	-2	6.72043
0.001	0	-2	6.72043
0.001	0	-2	6.72043
0.001	0	-2	6.72043
0.001	0	-2	6.72043
0.001	0	-2	6.72043
0.001	0	-2	6.72043
0.001	0	-2	6.72043
0.001	0	-2	6.72043
0.001	0	-2	6.72043
0.001	0	-2	6.72043
0.001	0	-2	6.72043
0.001	0	-2	6.72043
0.001	0	-2	6.72043
0.001	0	-2	6.72043
0.001	0	-2	6.72043
0.001	0	-2	6.72043
0.001	0	-2	6.72043
0.001	0	-2	6.72043
0.001	0	-2	6.72043
0.001	0	-2	6.72043
0.001	0	-2	6.72043
0.001	0	-2	6.72043
0.001	0	-2	6.72043
0.001	0	-2	6.72043
0.001	0	-2	6.72043
0.001	0	-2	6.72043
0.001	0	-2	6.72043
0.001	0	-2	6.72043
0.001	0	-2	6.72043
0.001	0	-2	6.72043
0.001	0	-2	6.72043
0.001	0	-2	6.72043
0.001	0	-2	6.72043
0.001	0	-2	6.72043
0.001	0	-2	6.72043
0.001	0	-2	6.72043
0.001	0	-2	6.72043
0.001	0	-2	6.72043
0.001	0	-2	6.72043
0.001	0	-2	6.72043
0.001	0	-2	6.72043
0.001	0	-2	6.72043
0.001	0	-2	6.72043
0.001	0	-2	6.72043
0.001	0	-2	6.72043
0.001	0	-2	6.72043
0.001	0	-2	6.72043
0.001	0	-2	6.72043
0.001	0	-2	6.72043
0.001	0	-2	6.72043
0.001	0	-2	6.72043
0.001	0	-2	6.72043
0.001	0	-2	6.72043
0.001	0	-2	6.72043
0.001	0	-2	6.72043
0.001	0	-2	6.72043
0.001	0	-2	6.72043
0.001	0	-2	6.72043
0.001	0	-2	6.72043
0.001	0	-2	6.72043
0.001	0	-2	6.72043
0.001	0	-2	6.72043
0.001	0	-2	6.72043
0.001	0	-2	6.72043
0.001	0	-2	6.72043
0.001	0	-2	6.72043
0.001	0	-2	6.72043
0.001	0	-2	6.72043
0.001	0	-2	6.72043
0.001	0	-2	6.72043
0.001	0	-2	6.72043
0.001	0	-2	6.72043
0.001	0	-2	6.72043
0.001	0	-2	6.72043
0.001	0	-2	6.72043
0.001	0	-2	6.72043
0.001	0	-2	6.72043
0.001	0	-2	6.72043
0.001	0	-2	6.72043
0.001	0	-2	6.72043
0.001	0	-2	6.72043
0.001	0	-2	6.72043
0.001	0	-2	6.72043
0.001	0	-2	6.72043
0.001	0	-2	6.72043
0.001	0	-2	6.72043
0.001	0	-2	6.72043
0.001	0	-2	6.72043
0.001	0	-2	6.72043
0.001	0	-2	6.72043
0.001	0	-2	6.72043
0.001	0	-2	6.72043
0.001	0	-2	6.72043
0.001	0	-2	6.72043
0.001	0	-2	6.72043
0.001	0	-2	6.72043
0.001	0	-2	6.72043
0.001	0	-2	6.72043
0.001	0	-2	6.72043
0.001	0	-2	6.72043
0.001	0	-2	6.72043
0.001	0	-2	6.72043
0.001	0	-2	6.72043
0.001	0	-2	6.72043
0.001	0	-2	6.72043
0.001	0	-2	6.72043
0.001	0	-2	6.72043
0.001	0	-2	6.72043
0.001	0	-2	6.72043
0.001	0	-2	6.72043
0.001	0	-2	6.72043
0.001	0	-2	6.72043
0.001	0	-2	6.72043
0.001	0	-2	6.72043
0.001	0	-2	6.72043
0.001	0	-2	6.72043
0.001	0	-2	6.72043
0.001	0	-2	6.72043
0.001	0	-2	6.72043
0.001	0	-2	6.72043
0.001	0	-2	6.72043
0.001	0	-2	6.72043
0.001	0	-2	6.72043
0.001	0	-2	6.72043
0.001	0	-2	6.72043
0.001	0	-2	6.72043
0.001	0	-2	6.72043
0.001	0	-2	6.72043
0.001	0	-2	6.72043
0.001	0	-2	6.72043
0.001	0	-2	6.72043
0.001	0	-2	6.72043
0.001	0	-2	6.72043
0.001	0	-2	6.72043
0.001	0	-2	6.72043
0.001	0	-2	6.72043
0.001	0	-2	6.72043
0.001	0	-2	6.72043
0.001	0	-2	6.72043
0.001	0	-2	6.72043
0.001	0	-2	6.72043
0.001	0	-2	6.72043
0.001	0	-2	6.72043
0.001	0	-2	6.72043
0.001	0	-2	6.72043
0.001	0	-2	6.72043
0.001	0	-2	6.72043
0.001	0	-2	6.72043
0.001	0	-2	6.72043
0.001	0	-2	6.72043
0.001	0	-2	6.72043
0.001	0	-2	6.72043
0.001	0	-2	6.72043
0.001	0	-2	6.72043
0.001	0	-2	6.72043
0.001	0	-2	6.72043
0.001	0	-2	6.72043
0.001	0	-2	6.72043
0.001	0	-2	6.72043
0.001	0	-2	6.72043
0.001	0	-2	6.72043
0.001	0	-2	6.72043
0.001	0	-2	6.72043
0.001	0	-2	6.72043
0.001	0	-2	6.72043
0.001	0	-2	6.72043
0.001	0	-2	6.72043
0.001	0	-2	6.72043
0.001	0	-2	6.72043
0.001	0	-2	6.72043
0.001	0	-2	6.72043
0.001	0	-2	6.72043
0.001	0	-2	6.72043
0.001	0	-2	6.72043
0.001	0	-2	6.72043
0.001	0	-2	6.72043
0.001	0	-2	6.72043
0.001	0	-2	6.72043
0.001	0	-2	6.72043
0.001	0	-2	6.72043
0.001	0	-2	6.72043
0.001	0	-2	6.72043
0.001	0	-2	6.72043
0.001	0	-2	6.72043
0.001	0	-2	6.72043
0.001	0	-2	6.72043
0.001	0	-2	6.72043
0.001	0	-2	6.72043
0.001	0	-2	6.72043
0.001	0	-2	6.72043
0.001	0	-2	6.72043
0.001	0	-2	6.72043
0.001	0	-2	6.72043
0.001	0	-2	6.72043
0.001	0	-2	6.72043
0.001	0	-2	6.72043
0.001	0	-2	6.72043
0.001	0	-2	6.72043
0.001	0	-2	6.72043
0.001	0	-2	6.72043
0.001	0	-2	6.72043
0.001	0	-2	6.72043
0.001	0	-2	6.72043
0.001	0	-2	6.72043
0.001	0	-2	6.72043
0.001	0	-2	6.72043
0.001	0	-2	6.72043
0.001	0	-2	6.72043
0.001	0	-2	6.72043
0.001	0	-2	6.72043
0.001	0	-2	6.72043
0.001	0	-2	6.72043
0.001	0	-2	6.72043
0.001	0	-2	6.72043
0.001	0	-2	6.72043
0.001	0	-2	6.72043
0.001	0	-2	6.72043
