490.000000
490.000000
490.000000
490.000000
490.000000
490.000000
490.000000
490.000000
490.000000
490.000000
490.000000
490.000000
490.000000
490.000000
490.000000
490.000000
490.000000
490.000000
490.000000
490.000000
490.000000
490.000000
490.000000
490.000000
490.000000
490.000000
490.000000
490.000000
490.000000
490.000000
490.000000
490.000000
490.000000
490.000000
490.000000
490.000000
490.000000
490.000000
490.000000
490.000000
490.000000
490.000000
490.000000
490.000000
490.000000
490.000000
490.000000
490.000000
490.000000
490.000000
490.000000
490.000000
490.000000
490.000000
490.000000
490.000000
490.000000
490.000000
490.000000
490.000000
490.000000
490.000000
490.000000
490.000000
490.000000
490.000000
490.000000
490.000000
490.000000
490.000000
490.000000
490.000000
490.000000
490.000000
490.000000
490.000000
490.000000
490.000000
490.000000
490.000000
490.000000
490.000000
490.000000
490.000000
490.000000
490.000000
490.000000
490.000000
490.000000
490.000000
490.000000
490.000000
490.000000
490.000000
490.000000
490.000000
490.000000
490.000000
490.000000
490.000000
490.000000
490.000000
490.000000
490.000000
490.000000
490.000000
490.000000
490.000000
490.000000
490.000000
490.000000
490.000000
490.000000
490.000000
490.000000
490.000000
490.000000
490.000000
490.000000
490.000000
490.000000
490.000000
490.000000
490.000000
490.000000
490.000000
490.000000
490.000000
490.000000
490.000000
490.000000
490.000000
490.000000
490.000000
490.000000
490.000000
490.000000
490.000000
490.000000
490.000000
490.000000
490.000000
490.000000
490.000000
490.000000
490.000000
490.000000
490.000000
490.000000
490.000000
490.000000
490.000000
490.000000
490.000000
490.000000
490.000000
490.000000
490.000000
490.000000
490.000000
490.000000
490.000000
490.000000
490.000000
490.000000
490.000000
490.000000
490.000000
490.000000
490.000000
490.000000
490.000000
490.000000
490.000000
490.000000
490.000000
490.000000
490.000000
490.000000
490.000000
490.000000
490.000000
490.000000
490.000000
490.000000
490.000000
490.000000
490.000000
490.000000
490.000000
490.000000
490.000000
490.000000
490.000000
490.000000
490.000000
490.000000
490.000000
490.000000
490.000000
490.000000
490.000000
490.000000
490.000000
490.000000
490.000000
490.000000
490.000000
490.000000
490.000000
490.000000
490.000000
490.000000
490.000000
490.000000
490.000000
490.000000
490.000000
490.000000
490.000000
490.000000
490.000000
490.000000
490.000000
490.000000
490.000000
490.000000
490.000000
490.000000
490.000000
490.000000
490.000000
490.000000
490.000000
490.000000
490.000000
490.000000
490.000000
490.000000
490.000000
490.000000
490.000000
490.000000
490.000000
490.000000
490.000000
490.000000
490.000000
490.000000
490.000000
490.000000
490.000000
490.000000
490.000000
490.000000
490.000000
490.000000
490.000000
490.000000
490.000000
490.000000
490.000000
490.000000
490.000000
490.000000
490.000000
490.000000
490.000000
490.000000
490.000000
490.000000
490.000000
490.000000
490.000000
490.000000
490.000000
490.000000
490.000000
490.000000
490.000000
490.000000
490.000000
490.000000
490.000000
490.000000
490.000000
490.000000
490.000000
490.000000
490.000000
490.000000
490.000000
490.000000
490.000000
490.000000
490.000000
490.000000
490.000000
490.000000
490.000000
490.000000
490.000000
490.000000
490.000000
490.000000
490.000000
490.000000
490.000000
490.000000
490.000000
490.000000
490.000000
490.000000
490.000000
490.000000
490.000000
490.000000
490.000000
490.000000
490.000000
490.000000
490.000000
490.000000
490.000000
490.000000
490.000000
490.000000
490.000000
490.000000
490.000000
490.000000
490.000000
490.000000
490.000000
490.000000
490.000000
490.000000
490.000000
490.000000
490.000000
490.000000
490.000000
490.000000
490.000000
490.000000
490.000000
490.000000
490.000000
490.000000
490.000000
490.000000
490.000000
490.000000
490.000000
490.000000
490.000000
490.000000
490.000000
490.000000
490.000000
490.000000
490.000000
490.000000
490.000000
490.000000
490.000000
490.000000
490.000000
490.000000
490.000000
490.000000
490.000000
490.000000
490.000000
490.000000
490.000000
490.000000
490.000000
490.000000
490.000000
490.000000
490.000000
490.000000
490.000000
490.000000
490.000000
490.000000
490.000000
490.000000
490.000000
490.000000
490.000000
490.000000
490.000000
490.000000
490.000000
490.000000
490.000000
490.000000
490.000000
490.000000
490.000000
490.000000
490.000000
490.000000
490.000000
490.000000
490.000000
490.000000
490.000000
490.000000
490.000000
490.000000
490.000000
490.000000
490.000000
490.000000
490.000000
490.000000
490.000000
490.000000
490.000000
490.000000
490.000000
490.000000
490.000000
490.000000
490.000000
490.000000
490.000000
490.000000
490.000000
490.000000
490.000000
490.000000
490.000000
490.000000
490.000000
490.000000
490.000000
490.000000
490.000000
490.000000
490.000000
490.000000
490.000000
490.000000
490.000000
490.000000
490.000000
490.000000
490.000000
490.000000
490.000000
490.000000
490.000000
490.000000
490.000000
490.000000
490.000000
490.000000
490.000000
490.000000
490.000000
490.000000
490.000000
490.000000
490.000000
490.000000
490.000000
490.000000
490.000000
490.000000
490.000000
490.000000
490.000000
490.000000
490.000000
490.000000
490.000000
490.000000
490.000000
490.000000
490.000000
490.000000
490.000000
490.000000
490.000000
490.000000
490.000000
490.000000
490.000000
490.000000
490.000000
490.000000
490.000000
490.000000
490.000000
490.000000
490.000000
490.000000
490.000000
490.000000
490.000000
490.000000
490.000000
490.000000
490.000000
490.000000
490.000000
490.000000
490.000000
490.000000
490.000000
490.000000
490.000000
490.000000
490.000000
490.000000
490.000000
490.000000
490.000000
490.000000
490.000000
490.000000
490.000000
490.000000
490.000000
490.000000
490.000000
490.000000
490.000000
490.000000
490.000000
490.000000
490.000000
490.000000
490.000000
490.000000
490.000000
490.000000
490.000000
490.000000
490.000000
490.000000
490.000000
490.000000
490.000000
490.000000
490.000000
490.000000
490.000000
490.000000
490.000000
490.000000
490.000000
490.000000
490.000000
490.000000
490.000000
490.000000
490.000000
490.000000
490.000000
490.000000
490.000000
490.000000
490.000000
490.000000
490.000000
490.000000
490.000000
490.000000
490.000000
490.000000
490.000000
490.000000
490.000000
490.000000
490.000000
490.000000
490.000000
490.000000
490.000000
490.000000
490.000000
490.000000
490.000000
490.000000
490.000000
490.000000
490.000000
490.000000
490.000000
490.000000
490.000000
490.000000
490.000000
490.000000
490.000000
490.000000
490.000000
490.000000
490.000000
490.000000
490.000000
490.000000
490.000000
490.000000
490.000000
490.000000
490.000000
490.000000
490.000000
490.000000
490.000000
490.000000
490.000000
490.000000
490.000000
490.000000
490.000000
490.000000
490.000000
490.000000
490.000000
490.000000
490.000000
490.000000
490.000000
490.000000
490.000000
490.000000
490.000000
490.000000
490.000000
490.000000
490.000000
490.000000
490.000000
490.000000
490.000000
490.000000
490.000000
490.000000
490.000000
490.000000
490.000000
490.000000
490.000000
490.000000
490.000000
490.000000
490.000000
490.000000
490.000000
490.000000
490.000000
490.000000
490.000000
490.000000
490.000000
490.000000
490.000000
490.000000
490.000000
490.000000
490.000000
490.000000
490.000000
490.000000
490.000000
490.000000
490.000000
490.000000
490.000000
490.000000
490.000000
490.000000
490.000000
490.000000
490.000000
490.000000
490.000000
490.000000
490.000000
490.000000
490.000000
490.000000
490.000000
490.000000
490.000000
490.000000
490.000000
490.000000
490.000000
490.000000
490.000000
490.000000
490.000000
490.000000
490.000000
490.000000
490.000000
490.000000
490.000000
490.000000
490.000000
490.000000
490.000000
490.000000
490.000000
490.000000
490.000000
490.000000
490.000000
490.000000
490.000000
490.000000
490.000000
490.000000
490.000000
490.000000
490.000000
490.000000
490.000000
490.000000
490.000000
490.000000
490.000000
490.000000
490.000000
490.000000
490.000000
490.000000
490.000000
490.000000
490.000000
490.000000
490.000000
490.000000
490.000000
490.000000
490.000000
490.000000
490.000000
490.000000
490.000000
490.000000
490.000000
490.000000
490.000000
490.000000
490.000000
490.000000
490.000000
490.000000
490.000000
490.000000
490.000000
490.000000
490.000000
490.000000
490.000000
490.000000
490.000000
490.000000
490.000000
490.000000
490.000000
490.000000
490.000000
490.000000
490.000000
490.000000
490.000000
490.000000
490.000000
490.000000
490.000000
490.000000
490.000000
490.000000
490.000000
490.000000
490.000000
490.000000
490.000000
490.000000
490.000000
490.000000
490.000000
490.000000
490.000000
490.000000
490.000000
490.000000
490.000000
490.000000
490.000000
490.000000
490.000000
490.000000
490.000000
490.000000
490.000000
490.000000
490.000000
490.000000
490.000000
490.000000
490.000000
490.000000
490.000000
490.000000
490.000000
490.000000
490.000000
490.000000
490.000000
490.000000
490.000000
490.000000
490.000000
490.000000
490.000000
490.000000
490.000000
490.000000
490.000000
490.000000
490.000000
490.000000
490.000000
490.000000
490.000000
490.000000
490.000000
490.000000
490.000000
490.000000
490.000000
490.000000
490.000000
490.000000
490.000000
490.000000
490.000000
490.000000
490.000000
490.000000
490.000000
490.000000
490.000000
490.000000
490.000000
490.000000
490.000000
490.000000
490.000000
490.000000
490.000000
490.000000
490.000000
490.000000
490.000000
490.000000
490.000000
490.000000
490.000000
490.000000
490.000000
490.000000
490.000000
490.000000
490.000000
490.000000
490.000000
490.000000
490.000000
490.000000
490.000000
490.000000
490.000000
490.000000
490.000000
490.000000
490.000000
490.000000
490.000000
490.000000
490.000000
490.000000
490.000000
490.000000
490.000000
490.000000
490.000000
490.000000
490.000000
490.000000
490.000000
490.000000
490.000000
490.000000
490.000000
490.000000
490.000000
490.000000
490.000000
490.000000
490.000000
490.000000
490.000000
490.000000
490.000000
490.000000
490.000000
490.000000
490.000000
490.000000
490.000000
490.000000
490.000000
490.000000
490.000000
490.000000
490.000000
490.000000
490.000000
490.000000
490.000000
490.000000
490.000000
490.000000
490.000000
490.000000
490.000000
490.000000
490.000000
490.000000
490.000000
490.000000
490.000000
490.000000
490.000000
490.000000
490.000000
490.000000
490.000000
490.000000
490.000000
490.000000
490.000000
490.000000
490.000000
490.000000
490.000000
490.000000
490.000000
490.000000
490.000000
490.000000
490.000000
490.000000
490.000000
490.000000
490.000000
490.000000
490.000000
490.000000
490.000000
490.000000
490.000000
490.000000
490.000000
490.000000
490.000000
490.000000
490.000000
490.000000
490.000000
490.000000
490.000000
490.000000
490.000000
490.000000
490.000000
490.000000
490.000000
490.000000
490.000000
490.000000
490.000000
490.000000
490.000000
490.000000
490.000000
490.000000
490.000000
490.000000
490.000000
490.000000
490.000000
490.000000
490.000000
490.000000
490.000000
490.000000
490.000000
490.000000
490.000000
490.000000
490.000000
490.000000
490.000000
490.000000
490.000000
490.000000
490.000000
490.000000
490.000000
490.000000
490.000000
490.000000
490.000000
490.000000
490.000000
490.000000
490.000000
490.000000
490.000000
490.000000
490.000000
490.000000
490.000000
490.000000
490.000000
490.000000
490.000000
490.000000
490.000000
490.000000
490.000000
490.000000
490.000000
490.000000
490.000000
490.000000
490.000000
490.000000
490.000000
490.000000
490.000000
490.000000
490.000000
490.000000
490.000000
490.000000
490.000000
490.000000
509.743242
509.839504
509.944490
510.058072
510.180121
510.310511
510.449112
510.595798
510.750441
510.912912
511.083085
511.260830
511.446021
511.638529
511.838228
512.044988
512.258682
512.479183
512.706362
512.940091
513.180244
513.426691
513.679306
513.937961
514.202527
514.472876
514.748882
515.030416
515.317350
515.609557
515.906909
516.209277
516.516535
516.828554
517.145207
517.466365
517.791901
518.121687
518.455596
518.793499
519.135269
519.480777
519.829897
520.182499
520.538457
520.897643
521.259929
521.625186
521.993288
522.364106
522.737512
523.113380
523.491580
523.871985
524.254468
524.638900
525.025153
525.413101
525.802615
526.193567
526.585829
526.984791
527.396624
527.821131
528.258103
528.707336
529.168621
529.641754
530.126527
530.622733
531.130168
531.648623
532.177892
532.717769
533.268048
533.828522
534.398984
534.979228
535.569047
536.168235
536.776586
537.393893
538.019949
538.654549
539.297485
539.948551
540.607540
541.274246
541.948463
542.629984
543.318603
544.014113
544.716307
545.424979
546.139923
546.860932
547.587800
548.320320
549.058286
549.801490
550.549728
551.302791
552.060474
552.822571
553.588874
554.359177
555.133275
555.910959
556.692024
557.476263
558.263471
559.053439
559.845962
560.640834
561.437847
562.236796
563.037473
563.839673
564.643189
565.447814
566.253342
567.060618
567.877348
568.704968
569.543290
570.392127
571.251291
572.120594
572.999848
573.888867
574.787461
575.695445
576.612629
577.538826
578.473849
579.417510
580.369622
581.329996
582.298445
583.274782
584.258818
585.250366
586.249239
587.255248
588.268207
589.287926
590.314220
591.346900
592.385778
593.430667
594.481380
595.537727
596.599523
597.666579
598.738707
599.815720
600.897431
601.983651
603.074193
604.168869
605.267492
606.369873
607.475827
608.585163
609.697696
610.813237
611.931599
613.052593
614.176034
615.301731
616.429499
617.559150
618.690495
619.823347
620.957518
622.092822
623.229069
624.366073
625.503646
626.641600
627.779748
628.917901
630.058584
631.205247
632.357826
633.516238
634.680404
635.850242
637.025671
638.206610
639.392978
640.584695
641.781678
642.983848
644.191123
645.403422
646.620664
647.842768
649.069654
650.301239
651.537444
652.778187
654.023387
655.272963
656.526834
657.784919
659.047137
660.313408
661.583649
662.857781
664.135722
665.417390
666.702706
667.991588
669.283955
670.579726
671.878821
673.181157
674.486654
675.795232
677.106808
678.421303
679.738634
681.058722
682.381484
683.706841
685.034711
686.365013
687.697666
689.032588
690.369700
691.708920
693.050167
694.393360
695.738418
697.085260
698.433805
699.783973
701.135681
702.488849
703.843396
705.199241
706.556547
707.917401
709.282264
710.651094
712.023847
713.400479
714.780950
716.165215
717.553231
718.944956
720.340346
721.739359
723.141952
724.548082
725.957706
727.370781
728.787265
730.207113
731.630284
733.056734
734.486420
735.919300
737.355331
738.794469
740.236672
741.681897
743.130101
744.581241
746.035273
747.492156
748.951846
750.414301
751.879477
753.347331
754.817821
756.290903
757.766535
759.244674
760.725277
762.208301
763.693702
765.181439
766.671468
768.163746
769.658230
771.154878
772.653646
774.154491
775.657372
777.162244
778.669065
780.177791
781.688381
783.200790
784.714977
786.230897
787.748509
789.267769
790.788635
792.311063
793.835011
795.361889
796.893786
798.430595
799.972188
801.518438
803.069217
804.624397
806.183851
807.747450
809.315068
810.886575
812.461845
814.040750
815.623162
817.208954
818.797996
820.390163
821.985325
823.583356
825.184128
826.787512
828.393381
830.001608
831.612064
833.224622
834.839154
836.455533
838.073630
839.693318
841.314469
842.936955
844.560650
846.185424
847.811150
849.437700
851.064947
852.692763
854.321021
855.949591
857.578348
859.207162
860.835907
862.464454
864.092675
865.720444
867.347632
868.974111
870.599754
872.224433
873.848021
875.470388
877.091409
878.710955
880.328897
881.945110
883.559464
885.171832
886.782087
888.390100
889.995744
891.599425
893.206591
894.818499
896.434895
898.055529
899.680146
901.308496
902.940326
904.575384
906.213417
907.854174
909.497403
911.142850
912.790264
914.439393
916.089985
917.741786
919.394546
921.048012
922.701931
924.356052
926.010122
927.663889
929.317101
930.969506
932.620851
934.270885
935.919355
937.566008
939.210594
940.852858
942.492550
944.129417
945.763207
947.393668
949.020547
950.643593
952.262553
953.877174
955.487205
957.092394
958.692488
960.287235
961.876383
963.459680
965.036873
966.607710
968.171940
969.729310
971.279567
972.822459
974.357735
975.885143
977.404429
978.915341
980.417629
981.911038
983.395318
984.870215
986.335479
987.790855
989.238189
990.680950
992.119213
993.552994
994.982311
996.407180
997.827616
999.243638
1000.655260
1002.062500
1003.465374
1004.863899
1006.258090
1007.647965
1009.033540
1010.414832
1011.791856
1013.164630
1014.533170
1015.897493
1017.257614
1018.613550
1019.965318
1021.312935
1022.656416
1023.995779
1025.331040
1026.662214
1027.989320
1029.312372
1030.631388
1031.946385
1033.257378
1034.564384
1035.867419
1037.166501
1038.461645
1039.752869
1041.040188
1042.323618
1043.603178
1044.878882
1046.150748
1047.418791
1048.683029
1049.943478
1051.200154
1052.453074
1053.702255
1054.947712
1056.189462
1057.427523
1058.661909
1059.892638
1061.119726
1062.343190
1063.563046
1064.779311
1065.992001
1067.201133
1068.406603
1069.606946
1070.801815
1071.991328
1073.175604
1074.354763
1075.528923
1076.698202
1077.862721
1079.022597
1080.177949
1081.328897
1082.475559
1083.618054
1084.756501
1085.891019
1087.021726
1088.148742
1089.272186
1090.392175
1091.508830
1092.622269
1093.732610
1094.839973
1095.944477
1097.046240
1098.145382
1099.242020
1100.336275
1101.428264
1102.518107
1103.605923
1104.691830
1105.775948
1106.858395
1107.939289
1109.018751
1110.096898
1111.173850
1112.249726
1113.324643
1114.398722
1115.472081
1116.544839
1117.617115
1118.689028
1119.760695
1120.832238
1121.903773
1122.975421
1124.047300
1125.119528
1126.192225
1127.265510
1128.339501
1129.414317
1130.490077
1131.566901
1132.644906
1133.724212
1134.804938
1135.897714
1137.021933
1138.176420
1139.359482
1140.569427
1141.804562
1143.063194
1144.343630
1145.644177
1146.963143
1148.298835
1149.649559
1151.013623
1152.389334
1153.775000
1155.168927
1156.569422
1157.974793
1159.383348
1160.793392
1162.203233
1163.611179
1165.015537
1166.414613
1167.806715
1169.190150
1170.563226
1171.924248
1173.271526
1174.603365
1175.918073
1177.213956
1178.489323
1179.742481
1180.971736
1182.175395
1183.351767
1184.499157
1185.615873
1186.700223
1187.750514
1188.765052
1189.742144
1190.680099
1191.577223
1192.431823
1193.242207
1194.006681
1194.723553
1195.391130
1196.007719
1196.571627
1197.081161
1197.534630
1197.930339
1198.266596
1198.541707
1198.753982
1198.901725
1198.983245
1198.998440
1198.971274
1198.911185
1198.819309
1198.696784
1198.544746
1198.364333
1198.156680
1197.922927
1197.664208
1197.381662
1197.076424
1196.749633
1196.402425
1196.035938
1195.651307
1195.249670
1194.832164
1194.399926
1193.954093
1193.495802
1193.026190
1192.546393
1192.057549
1191.560795
1191.057268
1190.548104
1190.034440
1189.517415
1188.998164
1188.477824
1187.957533
1187.438427
1186.921643
1186.408319
1185.899591
1185.396597
1184.900472
1184.412355
1183.933382
1183.464690
1183.007416
1182.562697
1182.131670
1181.715472
1181.315240
1180.932111
1180.567222
1180.221709
1179.896710
1179.593362
1179.312802
1179.056166
1178.824592
1178.619217
1178.441177
1178.291609
1178.171651
1178.082440
1178.025112
1178.000804
1178.001390
1178.007153
1178.017306
1178.031758
1178.050420
1178.073201
1178.100011
1178.130759
1178.165355
1178.203710
1178.245733
1178.291333
1178.340420
1178.392905
1178.448697
1178.507706
1178.569841
1178.635012
1178.703129
1178.774102
1178.847840
1178.924254
1179.003253
1179.084747
1179.168645
1179.254858
1179.343295
1179.433865
1179.526480
1179.621047
1179.717478
1179.815682
1179.915569
1180.017048
1180.120029
1180.224423
1180.330138
1180.437084
1180.545172
1180.654311
1180.764411
1180.875382
1180.987132
1181.099573
1181.212614
1181.326165
1181.440135
1181.554434
1181.668972
1181.783658
1181.898404
1182.013117
1182.127709
1182.242088
1182.356165
1182.469849
1182.583050
1182.695678
1182.807643
1182.918854
1183.029573
1183.146580
1183.272231
1183.406167
1183.548024
1183.697444
1183.854065
1184.017525
1184.187465
1184.363522
1184.545337
1184.732548
1184.924794
1185.121714
1185.322948
1185.528134
1185.736911
1185.948919
1186.163797
1186.381183
1186.600717
1186.822038
1187.044784
1187.268596
1187.493111
1187.717969
1187.942810
1188.167271
1188.390993
1188.613614
1188.834773
1189.054110
1189.271263
1189.485871
1189.697575
1189.906011
1190.110820
1190.311641
1190.508113
1190.699875
1190.886565
1191.067824
1191.243289
1191.412601
1191.575398
1191.731318
1191.880002
1192.021089
1192.154217
1192.279025
1192.395153
1192.502239
1192.599923
1192.687843
1192.765640
1192.832951
1192.889416
1192.934673
1192.968363
1192.990124
1192.999595
1192.996728
1192.982222
1192.956311
1192.919199
1192.871090
1192.812188
1192.742696
1192.662820
1192.572763
1192.472730
1192.362924
1192.243549
1192.114809
1191.976910
1191.830054
1191.674445
1191.510288
1191.337788
1191.157147
1190.968570
1190.772261
1190.568424
1190.357263
1190.138983
1189.913787
1189.681879
1189.443464
1189.198745
1188.947927
1188.691214
1188.428809
1188.160917
1187.887743
1187.609489
1187.326360
1187.038560
1186.746293
1186.449764
1186.149176
1185.844733
1185.536640
1185.225100
1184.910318
1184.592497
1184.271842
1183.948557
1183.622846
1183.294913
1182.964962
1182.633197
1182.299822
1181.965041
1181.629059
1181.292079
1180.954305
1180.615942
1180.277193
1179.938263
1179.599356
1179.260676
1178.921927
1178.570557
1178.201355
1177.814757
1177.411200
1176.991118
1176.554948
1176.103125
1175.636086
1175.154265
1174.658098
1174.148022
1173.624471
1173.087882
1172.538690
1171.977332
1171.404242
1170.819856
1170.224610
1169.618941
1169.003283
1168.378072
1167.743744
1167.100735
1166.449480
1165.790415
1165.123976
1164.450599
1163.770719
1163.084771
1162.393193
1161.696419
1160.994885
1160.289026
1159.579280
1158.866080
1158.149863
1157.431065
1156.710122
1155.987468
1155.263541
1154.538774
1153.813605
1153.088469
1152.363802
1151.640038
1150.917615
1150.196968
1149.478532
1148.762743
1148.050037
1147.340850
1146.635617
1145.934775
1145.238757
1144.548002
1143.862943
1143.184018
1142.511661
1141.846308
1141.188395
1140.536201
1139.883927
1139.231201
1138.578003
1137.924311
1137.270104
1136.615359
1135.960055
1135.304171
1134.647684
1133.990573
1133.332817
1132.674394
1132.015282
1131.355460
1130.694906
1130.033598
1129.371514
1128.708634
1128.044935
1127.380396
1126.714994
1126.048710
1125.381520
1124.713403
1124.044338
1123.374303
1122.703276
1122.031236
1121.358160
1120.684029
1120.008818
1119.332508
1118.655076
1117.976502
1117.296762
1116.615836
1115.933701
1115.250337
1114.565722
1113.879833
1113.192650
1112.504150
1111.814313
1111.123116
1110.430538
1109.736556
1109.041151
1108.344299
1107.645979
1106.946170
1106.244850
1105.541997
1104.837590
1104.131607
1103.424026
1102.714826
1102.003985
1101.291482
1100.577294
1099.861452
1099.145712
1098.430857
1097.716762
1097.003306
1096.290367
1095.577821
1094.865546
1094.153419
1093.441317
1092.729119
1092.016700
1091.303940
1090.590714
1089.876900
1089.162377
1088.447020
1087.730707
1087.013317
1086.294725
1085.574810
1084.853449
1084.130518
1083.405896
1082.679461
1081.951088
1081.220656
1080.488041
1079.753122
1079.015776
1078.275880
1077.533310
1076.787946
1076.039664
1075.288340
1074.533854
1073.776082
1073.014901
1072.250189
1071.481823
1070.709681
1069.933639
1069.153576
1068.369368
1067.580893
1066.788029
1065.990652
1065.188640
1064.381870
1063.570220
1062.753567
1061.931788
1061.104762
1060.272364
1059.434472
1058.590965
1057.741718
1056.886611
1056.025519
1055.158320
1054.284891
1053.404016
1052.512313
1051.609816
1050.696817
1049.773611
1048.840491
1047.897751
1046.945683
1045.984582
1045.014741
1044.036453
1043.050012
1042.055712
1041.053845
1040.044706
1039.028588
1038.005784
1036.976589
1035.941294
1034.900195
1033.853584
1032.801754
1031.745000
1030.683615
1029.617893
1028.548126
1027.474608
1026.397634
1025.317495
1024.234487
1023.148902
1022.061033
1020.971175
1019.879621
1018.786664
1017.692598
1016.597716
1015.502312
1014.406679
1013.311111
1012.215902
1011.121344
1010.027731
1008.935357
1007.844515
1006.755499
1005.668602
1004.584118
1003.502340
1002.423562
1001.348077
1000.276179
999.208160
998.144316
997.084939
996.030322
994.980760
993.936545
992.897971
991.865332
990.838801
989.812496
988.783164
987.750993
986.716170
985.678882
984.639318
983.597664
982.554108
981.508837
980.462039
979.413902
978.364612
977.314356
976.263324
975.211701
974.159675
973.107434
972.055166
971.003057
969.951294
968.900067
967.849561
966.799964
965.751464
964.704248
963.658504
962.614418
961.572179
960.531974
959.493990
958.458414
957.425435
956.395239
955.368014
954.343948
953.323227
952.306039
951.292572
950.283013
949.277550
948.276369
947.279659
946.287606
945.300398
944.318224
943.341269
942.369721
941.403768
940.443598
939.489397
938.541354
937.599655
936.664488
935.736040
934.814499
933.900053
932.992888
932.093192
931.201152
930.316957
929.440643
928.571685
927.709841
926.854905
926.006674
925.164943
924.329508
923.500165
922.676709
921.858936
921.046642
920.239622
919.437673
918.640590
917.848168
917.060204
916.276493
915.496831
914.721014
913.948836
913.180095
912.414586
911.652104
910.892445
910.135405
909.380780
908.628365
907.877956
907.129350
906.382340
905.636724
904.892297
904.148854
903.406192
902.664106
901.922391
901.180845
900.439261
899.697437
898.955167
898.212248
897.468475
896.723643
895.977550
895.229989
894.480758
893.729652
892.976466
892.220996
891.463038
890.702387
889.938840
889.172193
888.402240
887.628777
886.851601
886.070506
885.285290
884.495746
883.701672
882.902905
882.102731
881.303260
880.504410
879.706099
878.908248
878.110773
877.313595
876.516633
875.719804
874.923028
874.126223
873.329309
872.532204
871.734827
870.937097
870.138933
869.340253
868.540976
867.741022
866.940308
866.138754
865.336278
864.532800
863.728238
862.922511
862.115538
861.307237
860.497528
859.686329
858.873559
858.059137
857.242982
856.425012
855.605146
854.783303
853.959403
853.133363
852.305102
851.474540
850.641595
849.806187
848.968232
848.127652
847.284364
846.438287
845.589340
844.737443
843.882512
843.024469
842.163230
841.298716
840.430845
839.559535
838.684706
837.806276
836.924165
836.038291
835.148572
834.254928
833.357277
832.454677
831.543701
830.624263
829.696658
828.761181
827.818127
826.867792
825.910472
824.946460
823.976054
822.999547
822.017236
821.029415
820.036381
819.038428
818.035851
817.028946
816.018009
815.003334
813.985217
812.963953
811.939838
810.913166
809.884234
808.853336
807.820768
806.786825
805.751802
804.715995
803.679699
802.643210
801.606822
800.570831
799.535532
798.501221
797.468193
796.436743
795.407166
794.379759
793.354815
792.332632
791.313502
790.297724
789.285590
788.277397
787.273441
786.274015
785.279417
784.289940
783.305881
782.327534
781.355195
780.389160
779.429723
778.477180
777.531826
776.593957
775.663868
774.741854
773.828210
772.923199
772.021780
771.120271
770.218807
769.317522
768.416551
767.516029
766.616091
765.716871
764.818505
763.921127
763.024871
762.129873
761.236267
760.344188
759.453771
758.565150
757.678461
756.793838
755.911416
755.031329
754.153713
753.278702
752.406432
751.537035
750.670649
749.807406
748.947443
748.090893
747.237892
746.388574
745.543074
744.701528
743.864068
743.030831
742.201952
741.377564
740.557803
739.742803
738.932700
738.127627
737.327721
736.533114
735.743943
734.960343
734.182447
733.410390
732.644308
731.884335
731.130606
730.383256
729.642419
728.908230
728.180824
727.460336
726.746900
726.040652
725.341725
724.650256
723.966378
723.290226
722.621745
721.960071
721.304939
720.656188
720.013657
719.377183
718.746607
718.121765
717.502496
716.888639
716.280033
715.676515
715.077924
714.484098
713.894876
713.310097
712.729598
712.153218
711.580796
711.012169
710.447178
709.885659
709.327451
708.772393
708.220323
707.671079
707.124500
706.580425
706.038692
705.499138
704.961604
704.425926
703.891944
703.359495
702.828419
702.298554
701.769738
701.241810
700.714607
700.187969
699.661734
699.135740
698.609826
698.083830
697.557590
697.030945
696.503734
695.975795
695.446966
694.917085
694.385992
693.853524
693.319520
692.783818
692.246258
691.706676
691.164912
690.620804
690.074191
689.524910
688.972807
688.420354
687.869628
687.320552
686.773051
686.227049
685.682469
685.139234
684.597269
684.056497
683.516842
682.978229
682.440579
681.903818
681.367869
680.832656
680.298103
679.764133
679.230670
678.697638
678.164960
677.632561
677.100364
676.568293
676.036272
675.504224
674.972073
674.439743
673.907158
673.374242
672.840917
672.307108
671.772740
671.237734
670.702016
670.165509
669.628136
669.089822
668.550490
668.010065
667.468469
666.925626
666.381461
665.835897
665.288857
664.740266
664.190048
663.638125
663.084423
662.528863
661.971372
661.411871
660.850285
660.286538
659.720553
659.152254
658.581565
658.008409
657.432711
656.854394
656.273382
655.689488
655.102115
654.511278
653.917085
653.319642
652.719058
652.115440
651.508894
650.899529
650.287452
649.672771
649.055592
648.436024
647.814173
647.190147
646.564054
645.936001
645.306096
644.674445
644.041156
643.406338
642.770096
642.132539
641.493774
640.853908
640.213050
639.571305
638.928783
638.285589
637.641833
636.997620
636.353058
635.708256
635.063320
634.418358
633.773476
633.128784
632.484387
631.840394
631.196912
630.554049
629.911911
629.270606
628.630242
627.990926
627.352765
626.715868
626.080340
625.446291
624.813827
624.183055
623.554084
622.927020
622.301971
621.679044
621.058348
620.439988
619.824073
619.210711
618.600008
617.992071
617.385801
616.780089
616.174940
615.570359
614.966352
614.362924
613.760080
613.157826
612.556166
611.955107
611.354654
610.754811
610.155584
609.556979
608.959001
608.361654
607.764945
607.168879
606.573460
605.978695
605.384588
604.791145
604.198371
603.606272
603.014852
602.424118
601.834074
601.244725
600.656078
600.068136
599.480907
598.894394
598.308603
597.723540
597.139210
596.555617
595.972769
595.390668
594.809322
594.228735
593.648913
593.069860
592.491583
591.914086
591.337375
590.761455
590.186332
589.612010
589.038496
588.465793
587.893909
587.322847
586.752613
586.183213
585.614652
585.046935
584.480067
583.914054
583.348901
582.784614
582.221201
581.658689
581.097073
580.536343
579.976488
579.417499
578.859366
578.302078
577.745625
577.189998
576.635186
576.081180
575.527969
574.975543
574.423892
573.873007
573.322876
572.773491
572.224841
571.676915
571.129704
570.583199
570.037388
569.492261
568.947810
568.404023
567.860890
567.318403
566.776549
566.235320
565.694706
565.154695
564.615280
564.076448
563.538190
563.000497
562.463358
561.926762
561.390701
560.855164
560.320140
559.785621
559.251595
558.718053
558.184985
557.652380
557.120229
556.588521
556.057247
555.526396
554.995959
554.465925
553.936284
553.407027
552.878143
552.349622
551.821454
551.293629
550.766137
550.238968
549.712112
549.184557
548.655276
548.124386
547.591999
547.058231
546.523196
545.987011
545.449788
544.911643
544.372691
543.833046
543.292823
542.752138
542.211104
541.669837
541.128451
540.587061
540.045782
539.504729
538.964016
538.423758
537.884070
537.345067
536.806864
536.269574
535.733314
535.198197
534.664339
534.131854
533.600857
533.071463
532.543787
532.017943
531.494046
530.972211
530.452553
529.935186
529.420226
528.907786
528.397982
527.890929
527.386741
526.885533
526.387420
525.892517
525.400938
524.912798
524.428212
523.947295
523.470161
522.996926
522.527703
522.062608
521.601756
521.145261
520.693238
520.245802
519.803068
519.365150
518.932163
518.503407
518.073244
517.640767
517.206205
516.769791
516.331754
515.892325
515.451734
515.010213
514.567993
514.125302
513.682373
513.239437
512.796722
512.354461
511.912884
511.472222
511.032705
510.594563
510.158028
509.723331
509.290701
508.860370
508.432568
508.007526
507.585474
507.166643
506.751264
506.339568
505.931784
505.528144
505.128879
504.734219
504.344394
503.959636
503.580174
503.206240
502.838065
502.475878
502.119911
501.770395
501.427559
501.091634
500.762852
500.441443
500.127637
499.821666
499.523759
499.234147
498.953062
498.680733
498.417392
498.163269
497.918595
497.683600
497.458515
497.243570
497.038997
496.845026
496.661888
496.489813
496.324157
496.158937
495.994214
495.830066
495.666574
495.503815
495.341870
495.180818
495.020737
494.861707
494.703808
494.547118
494.391717
494.237683
494.085097
493.934036
493.784582
493.636812
493.490806
493.346643
493.204402
493.064163
492.926005
492.790006
492.656247
492.524807
492.395764
492.269197
492.145187
492.023812
491.905152
491.789285
491.676291
491.566249
491.459239
491.355339
491.254628
491.157187
491.063094
490.972428
490.885269
490.801696
490.721788
490.645624
490.573283
490.504845
490.440389
490.379994
490.323740
490.271704
490.223968
490.180610
490.141708
490.107343
490.077594
490.052539
490.032259
490.016831
490.006336
490.000853
490.003558
490.039832
490.114199
490.225339
490.371931
490.552654
490.766186
491.011206
491.286394
491.590429
491.921989
492.279753
492.662400
493.068610
493.497061
493.946432
494.415402
494.902651
495.406856
495.926698
496.460854
497.008004
497.566827
498.136002
498.714208
499.300124
499.892428
500.489800
501.090919
501.694463
502.299112
502.903544
503.506439
504.106475
504.702331
505.292687
505.876221
506.451613
507.017540
507.572683
508.115720
508.645330
509.160192
509.658985
510.140388
510.603080
511.045740
511.467046
511.865679
512.240316
512.589637
512.912320
513.207045
513.472491
513.707336
513.910260
514.079941
514.215059
514.314291
514.376319
514.399819
514.399982
514.399828
514.399392
514.398523
514.397072
514.394891
514.391831
514.387743
514.382478
514.375887
514.367821
514.358132
514.346670
514.333287
514.317834
514.300161
514.280121
514.257563
514.232340
514.204302
514.173301
514.139187
514.101811
514.061025
514.016681
513.968628
513.916718
513.860802
513.800732
513.736358
513.667532
513.594104
513.515926
513.432849
513.344724
513.251402
513.152734
513.048571
512.938765
512.823167
512.701627
512.573996
512.440127
512.299870
512.153076
511.999596
511.839281
511.671983
511.497552
511.315840
511.126698
510.929976
510.725527
510.513200
510.292848
510.064321
509.827471
509.582148
