dt	dhsl	Mode	pCa
0.001	0	-2	6.72043
0.001	0	-2	6.72043
0.001	0	-2	6.72043
0.001	0	-2	6.72043
0.001	0	-2	6.72043
0.001	0	-2	6.72043
0.001	0	-2	6.72043
0.001	0	-2	6.72043
0.001	0	-2	6.72043
0.001	0	-2	6.72043
0.001	0	-2	6.72043
0.001	0	-2	6.72043
0.001	0	-2	6.72043
0.001	0	-2	6.72043
0.001	0	-2	6.72043
0.001	0	-2	6.72043
0.001	0	-2	6.72043
0.001	0	-2	6.72043
0.001	0	-2	6.72043
0.001	0	-2	6.72043
0.001	0	-2	6.72043
0.001	0	-2	6.72043
0.001	0	-2	6.72043
0.001	0	-2	6.72043
0.001	0	-2	6.72043
0.001	0	-2	6.72043
0.001	0	-2	6.72043
0.001	0	-2	6.72043
0.001	0	-2	6.72043
0.001	0	-2	6.72043
0.001	0	-2	6.72043
0.001	0	-2	6.72043
0.001	0	-2	6.72043
0.001	0	-2	6.72043
0.001	0	-2	6.72043
0.001	0	-2	6.72043
0.001	0	-2	6.72043
0.001	0	-2	6.72043
0.001	0	-2	6.72043
0.001	0	-2	6.72043
0.001	0	-2	6.72043
0.001	0	-2	6.72043
0.001	0	-2	6.72043
0.001	0	-2	6.72043
0.001	0	-2	6.72043
0.001	0	-2	6.72043
0.001	0	-2	6.72043
0.001	0	-2	6.72043
0.001	0	-2	6.72043
0.001	0	-2	6.72043
0.001	0	-2	6.72043
0.001	0	-2	6.72043
0.001	0	-2	6.72043
0.001	0	-2	6.72043
0.001	0	-2	6.72043
0.001	0	-2	6.72043
0.001	0	-2	6.72043
0.001	0	-2	6.72043
0.001	0	-2	6.72043
0.001	0	-2	6.72043
0.001	0	-2	6.72043
0.001	0	-2	6.72043
0.001	0	-2	6.72043
0.001	0	-2	6.72043
0.001	0	-2	6.72043
0.001	0	-2	6.72043
0.001	0	-2	6.72043
0.001	0	-2	6.72043
0.001	0	-2	6.72043
0.001	0	-2	6.72043
0.001	0	-2	6.72043
0.001	0	-2	6.72043
0.001	0	-2	6.72043
0.001	0	-2	6.72043
0.001	0	-2	6.72043
0.001	0	-2	6.72043
0.001	0	-2	6.72043
0.001	0	-2	6.72043
0.001	0	-2	6.72043
0.001	0	-2	6.72043
0.001	0	-2	6.72043
0.001	0	-2	6.72043
0.001	0	-2	6.72043
0.001	0	-2	6.72043
0.001	0	-2	6.72043
0.001	0	-2	6.72043
0.001	0	-2	6.72043
0.001	0	-2	6.72043
0.001	0	-2	6.72043
0.001	0	-2	6.72043
0.001	0	-2	6.72043
0.001	0	-2	6.72043
0.001	0	-2	6.72043
0.001	0	-2	6.72043
0.001	0	-2	6.72043
0.001	0	-2	6.72043
0.001	0	-2	6.72043
0.001	0	-2	6.72043
0.001	0	-2	6.72043
0.001	0	-2	6.72043
0.001	0	-2	6.72043
0.001	0	-2	6.72043
0.001	0	-2	6.72043
0.001	0	-2	6.72043
0.001	0	-2	6.72043
0.001	0	-2	6.72043
0.001	0	-2	6.72043
0.001	0	-2	6.72043
0.001	0	-2	6.72043
0.001	0	-2	6.72043
0.001	0	-2	6.72043
0.001	0	-2	6.72043
0.001	0	-2	6.72043
0.001	0	-2	6.72043
0.001	0	-2	6.72043
0.001	0	-2	6.72043
0.001	0	-2	6.72043
0.001	0	-2	6.72043
0.001	0	-2	6.72043
0.001	0	-2	6.72043
0.001	0	-2	6.72043
0.001	0	-2	6.72043
0.001	0	-2	6.72043
0.001	0	-2	6.72043
0.001	0	-2	6.72043
0.001	0	-2	6.72043
0.001	0	-2	6.72043
0.001	0	-2	6.72043
0.001	0	-2	6.72043
0.001	0	-2	6.72043
0.001	0	-2	6.72043
0.001	0	-2	6.72043
0.001	0	-2	6.72043
0.001	0	-2	6.72043
0.001	0	-2	6.72043
0.001	0	-2	6.72043
0.001	0	-2	6.72043
0.001	0	-2	6.72043
0.001	0	-2	6.72043
0.001	0	-2	6.72043
0.001	0	-2	6.72043
0.001	0	-2	6.72043
0.001	0	-2	6.72043
0.001	0	-2	6.72043
0.001	0	-2	6.72043
0.001	0	-2	6.72043
0.001	0	-2	6.72043
0.001	0	-2	6.72043
0.001	0	-2	6.72043
0.001	0	-2	6.72043
0.001	0	-2	6.72043
0.001	0	-2	6.72043
0.001	0	-2	6.72043
0.001	0	-2	6.72043
0.001	0	-2	6.72043
0.001	0	-2	6.72043
0.001	0	-2	6.72043
0.001	0	-2	6.72043
0.001	0	-2	6.72043
0.001	0	-2	6.72043
0.001	0	-2	6.72043
0.001	0	-2	6.72043
0.001	0	-2	6.72043
0.001	0	-2	6.72043
0.001	0	-2	6.72043
0.001	0	-2	6.72043
0.001	0	-2	6.72043
0.001	0	-2	6.72043
0.001	0	-2	6.72043
0.001	0	-2	6.72043
0.001	0	-2	6.72043
0.001	0	-2	6.72043
0.001	0	-2	6.72043
0.001	0	-2	6.72043
0.001	0	-2	6.72043
0.001	0	-2	6.72043
0.001	0	-2	6.72043
0.001	0	-2	6.72043
0.001	0	-2	6.72043
0.001	0	-2	6.72043
0.001	0	-2	6.72043
0.001	0	-2	6.72043
0.001	0	-2	6.72043
0.001	0	-2	6.72043
0.001	0	-2	6.72043
0.001	0	-2	6.72043
0.001	0	-2	6.72043
0.001	0	-2	6.72043
0.001	0	-2	6.72043
0.001	0	-2	6.72043
0.001	0	-2	6.72043
0.001	0	-2	6.72043
0.001	0	-2	6.72043
0.001	0	-2	6.72043
0.001	0	-2	6.72043
0.001	0	-2	6.72043
0.001	0	-2	6.72043
0.001	0	-2	6.72043
0.001	0	-2	6.72043
0.001	0	-2	6.72043
0.001	0	-2	6.72043
0.001	0	-2	6.72043
0.001	0	-2	6.72043
0.001	0	-2	6.72043
0.001	0	-2	6.72043
0.001	0	-2	6.72043
0.001	0	-2	6.72043
0.001	0	-2	6.72043
0.001	0	-2	6.72043
0.001	0	-2	6.72043
0.001	0	-2	6.72043
0.001	0	-2	6.72043
0.001	0	-2	6.72043
0.001	0	-2	6.72043
0.001	0	-2	6.72043
0.001	0	-2	6.72043
0.001	0	-2	6.72043
0.001	0	-2	6.72043
0.001	0	-2	6.72043
0.001	0	-2	6.72043
0.001	0	-2	6.72043
0.001	0	-2	6.72043
0.001	0	-2	6.72043
0.001	0	-2	6.72043
0.001	0	-2	6.72043
0.001	0	-2	6.72043
0.001	0	-2	6.72043
0.001	0	-2	6.72043
0.001	0	-2	6.72043
0.001	0	-2	6.72043
0.001	0	-2	6.72043
0.001	0	-2	6.72043
0.001	0	-2	6.72043
0.001	0	-2	6.72043
0.001	0	-2	6.72043
0.001	0	-2	6.72043
0.001	0	-2	6.72043
0.001	0	-2	6.72043
0.001	0	-2	6.72043
0.001	0	-2	6.72043
0.001	0	-2	6.72043
0.001	0	-2	6.72043
0.001	0	-2	6.72043
0.001	0	-2	6.72043
0.001	0	-2	6.72043
0.001	0	-2	6.72043
0.001	0	-2	6.72043
0.001	0	-2	6.72043
0.001	0	-2	6.72043
0.001	0	-2	6.72043
0.001	0	-2	6.72043
0.001	0	-2	6.72043
0.001	0	-2	6.72043
0.001	0	-2	6.72043
0.001	0	-2	6.72043
0.001	0	-2	6.72043
0.001	0	-2	6.72043
0.001	0	-2	6.72043
0.001	0	-2	6.72043
0.001	0	-2	6.72043
0.001	0	-2	6.72043
0.001	0	-2	6.72043
0.001	0	-2	6.72043
0.001	0	-2	6.72043
0.001	0	-2	6.72043
0.001	0	-2	6.72043
0.001	0	-2	6.72043
0.001	0	-2	6.72043
0.001	0	-2	6.72043
0.001	0	-2	6.72043
0.001	0	-2	6.72043
0.001	0	-2	6.72043
0.001	0	-2	6.72043
0.001	0	-2	6.72043
0.001	0	-2	6.72043
0.001	0	-2	6.72043
0.001	0	-2	6.72043
0.001	0	-2	6.72043
0.001	0	-2	6.72043
0.001	0	-2	6.72043
0.001	0	-2	6.72043
0.001	0	-2	6.72043
0.001	0	-2	6.72043
0.001	0	-2	6.72043
0.001	0	-2	6.72043
0.001	0	-2	6.72043
0.001	0	-2	6.72043
0.001	0	-2	6.72043
0.001	0	-2	6.72043
0.001	0	-2	6.72043
0.001	0	-2	6.72043
0.001	0	-2	6.72043
0.001	0	-2	6.72043
0.001	0	-2	6.72043
0.001	0	-2	6.72043
0.001	0	-2	6.72043
0.001	0	-2	6.72043
0.001	0	-2	6.72043
0.001	0	-2	6.72043
0.001	0	-2	6.72043
0.001	0	-2	6.72043
0.001	0	-2	6.72043
0.001	0	-2	6.72043
0.001	0	-2	6.72043
0.001	0	-2	6.72043
0.001	0	-2	6.72043
0.001	0	-2	6.72043
0.001	0	-2	6.72043
0.001	0	-2	6.72043
0.001	0	-2	6.72043
0.001	0	-2	6.72043
0.001	0	-2	6.72043
0.001	0	-2	6.72043
0.001	0	-2	6.72043
0.001	0	-2	6.72043
0.001	0	-2	6.72043
0.001	0	-2	6.72043
0.001	0	-2	6.72043
0.001	0	-2	6.72043
0.001	0	-2	6.72043
0.001	0	-2	6.72043
0.001	0	-2	6.72043
0.001	0	-2	6.72043
0.001	0	-2	6.72043
0.001	0	-2	6.72043
0.001	0	-2	6.72043
0.001	0	-2	6.72043
0.001	0	-2	6.72043
0.001	0	-2	6.72043
0.001	0	-2	6.72043
0.001	0	-2	6.72043
0.001	0	-2	6.72043
0.001	0	-2	6.72043
0.001	0	-2	6.72043
0.001	0	-2	6.72043
0.001	0	-2	6.72043
0.001	0	-2	6.72043
0.001	0	-2	6.72043
0.001	0	-2	6.72043
0.001	0	-2	6.72043
0.001	0	-2	6.72043
0.001	0	-2	6.72043
0.001	0	-2	6.72043
0.001	0	-2	6.72043
0.001	0	-2	6.72043
0.001	0	-2	6.72043
0.001	0	-2	6.72043
0.001	0	-2	6.72043
0.001	0	-2	6.72043
0.001	0	-2	6.72043
0.001	0	-2	6.72043
0.001	0	-2	6.72043
0.001	0	-2	6.72043
0.001	0	-2	6.72043
0.001	0	-2	6.72043
0.001	0	-2	6.72043
0.001	0	-2	6.72043
0.001	0	-2	6.72043
0.001	0	-2	6.72043
0.001	0	-2	6.72043
0.001	0	-2	6.72043
0.001	0	-2	6.72043
0.001	0	-2	6.72043
0.001	0	-2	6.72043
0.001	0	-2	6.72043
0.001	0	-2	6.72043
0.001	0	-2	6.72043
0.001	0	-2	6.72043
0.001	0	-2	6.72043
0.001	0	-2	6.72043
0.001	0	-2	6.72043
0.001	0	-2	6.72043
0.001	0	-2	6.72043
0.001	0	-2	6.72043
0.001	0	-2	6.72043
0.001	0	-2	6.72043
0.001	0	-2	6.72043
0.001	0	-2	6.72043
0.001	0	-2	6.72043
0.001	0	-2	6.72043
0.001	0	-2	6.72043
0.001	0	-2	6.72043
0.001	0	-2	6.72043
0.001	0	-2	6.72043
0.001	0	-2	6.72043
0.001	0	-2	6.72043
0.001	0	-2	6.72043
0.001	0	-2	6.72043
0.001	0	-2	6.72043
0.001	0	-2	6.72043
0.001	0	-2	6.72043
0.001	0	-2	6.72043
0.001	0	-2	6.72043
0.001	0	-2	6.72043
0.001	0	-2	6.72043
0.001	0	-2	6.72043
0.001	0	-2	6.72043
0.001	0	-2	6.72043
0.001	0	-2	6.72043
0.001	0	-2	6.72043
0.001	0	-2	6.72043
0.001	0	-2	6.72043
0.001	0	-2	6.72043
0.001	0	-2	6.72043
0.001	0	-2	6.72043
0.001	0	-2	6.72043
0.001	0	-2	6.72043
0.001	0	-2	6.72043
0.001	0	-2	6.72043
0.001	0	-2	6.72043
0.001	0	-2	6.72043
0.001	0	-2	6.72043
0.001	0	-2	6.72043
0.001	0	-2	6.72043
0.001	0	-2	6.72043
0.001	0	-2	6.72043
0.001	0	-2	6.72043
0.001	0	-2	6.72043
0.001	0	-2	6.72043
0.001	0	-2	6.72043
0.001	0	-2	6.72043
0.001	0	-2	6.72043
0.001	0	-2	6.72043
0.001	0	-2	6.72043
0.001	0	-2	6.72043
0.001	0	-2	6.72043
0.001	0	-2	6.72043
0.001	0	-2	6.72043
0.001	0	-2	6.72043
0.001	0	-2	6.72043
0.001	0	-2	6.72043
0.001	0	-2	6.72043
0.001	0	-2	6.72043
0.001	0	-2	6.72043
0.001	0	-2	6.72043
0.001	0	-2	6.72043
0.001	0	-2	6.72043
0.001	0	-2	6.72043
0.001	0	-2	6.72043
0.001	0	-2	6.72043
0.001	0	-2	6.72043
0.001	0	-2	6.72043
0.001	0	-2	6.72043
0.001	0	-2	6.72043
0.001	0	-2	6.72043
0.001	0	-2	6.72043
0.001	0	-2	6.72043
0.001	0	-2	6.72043
0.001	0	-2	6.72043
0.001	0	-2	6.72043
0.001	0	-2	6.72043
0.001	0	-2	6.72043
0.001	0	-2	6.72043
0.001	0	-2	6.72043
0.001	0	-2	6.72043
0.001	0	-2	6.72043
0.001	0	-2	6.72043
0.001	0	-2	6.72043
0.001	0	-2	6.72043
0.001	0	-2	6.72043
0.001	0	-2	6.72043
0.001	0	-2	6.72043
0.001	0	-2	6.72043
0.001	0	-2	6.72043
0.001	0	-2	6.72043
0.001	0	-2	6.72043
0.001	0	-2	6.72043
0.001	0	-2	6.72043
0.001	0	-2	6.72043
0.001	0	-2	6.72043
0.001	0	-2	6.72043
0.001	0	-2	6.72043
0.001	0	-2	6.72043
0.001	0	-2	6.72043
0.001	0	-2	6.72043
0.001	0	-2	6.72043
0.001	0	-2	6.72043
0.001	0	-2	6.72043
0.001	0	-2	6.72043
0.001	0	-2	6.72043
0.001	0	-2	6.6967
0.001	0	-2	6.62742
0.001	0	-2	6.57033
0.001	0	-2	6.52217
0.001	0	-2	6.48084
0.001	0	-2	6.44487
0.001	0	-2	6.41326
0.001	0	-2	6.38524
0.001	0	-2	6.36024
0.001	0	-2	6.3378
0.001	0	-2	6.31757
0.001	0	-2	6.29926
0.001	0	-2	6.28264
0.001	0	-2	6.26751
0.001	0	-2	6.25372
0.001	0	-2	6.24112
0.001	0	-2	6.22959
0.001	0	-2	6.21904
0.001	0	-2	6.20938
0.001	0	-2	6.20053
0.001	0	-2	6.19242
0.001	0	-2	6.18499
0.001	0	-2	6.1782
0.001	0	-2	6.17199
0.001	0	-2	6.16632
0.001	0	-2	6.16115
0.001	0	-2	6.15646
0.001	0	-2	6.15221
0.001	0	-2	6.14836
0.001	0	-2	6.14491
0.001	0	-2	6.14181
0.001	0	-2	6.13906
0.001	0	-2	6.13663
0.001	0	-2	6.1345
0.001	0	-2	6.13266
0.001	0	-2	6.13109
0.001	0	-2	6.12978
0.001	0	-2	6.12871
0.001	0	-2	6.12788
0.001	0	-2	6.12726
0.001	0	-2	6.12686
0.001	0	-2	6.12665
0.001	0	-2	6.12663
0.001	0	-2	6.1268
0.001	0	-2	6.12713
0.001	0	-2	6.12763
0.001	0	-2	6.12829
0.001	0	-2	6.1291
0.001	0	-2	6.13005
0.001	0	-2	6.13114
0.001	0	-2	6.13236
0.001	0	-2	6.13371
0.001	0	-2	6.13518
0.001	0	-2	6.13677
0.001	0	-2	6.13846
0.001	0	-2	6.14026
0.001	0	-2	6.14217
0.001	0	-2	6.14417
0.001	0	-2	6.14626
0.001	0	-2	6.14844
0.001	0	-2	6.15072
0.001	0	-2	6.15307
0.001	0	-2	6.1555
0.001	0	-2	6.15801
0.001	0.090113005	-2	6.16059
0.001	0.073476768	-2	6.16325
0.001	0.05684053	-2	6.16597
0.001	0.040204293	-2	6.16875
0.001	0.023568056	-2	6.1716
0.001	0.006931818	-2	6.1745
0.001	0.006238636	-2	6.17746
0.001	0.005545455	-2	6.18048
0.001	0.004852273	-2	6.18355
0.001	0.004159091	-2	6.18667
0.001	0.003465909	-2	6.18983
0.001	0.002772727	-2	6.19304
0.001	0.002079545	-2	6.1963
0.001	0.001386364	-2	6.1996
0.001	0.000693182	-2	6.20293
0.001	0	-2	6.20631
0.001	0	-2	6.20972
0.001	0	-2	6.21317
0.001	0	-2	6.21665
0.001	0	-2	6.22016
0.001	0	-2	6.2237
0.001	0	-2	6.22726
0.001	0	-2	6.23086
0.001	0	-2	6.23448
0.001	0	-2	6.23812
0.001	0	-2	6.24179
0.001	0	-2	6.24547
0.001	0	-2	6.24918
0.001	0	-2	6.2529
0.001	0	-2	6.25664
0.001	0	-2	6.2604
0.001	0	-2	6.26417
0.001	0	-2	6.26796
0.001	0	-2	6.27175
0.001	0	-2	6.27556
0.001	3.30125E-15	-2	6.27938
0.001	0.00743375	-2	6.28321
0.001	0.0148675	-2	6.28704
0.001	0.02230125	-2	6.29088
0.001	0.029735	-2	6.29473
0.001	0.03716875	-2	6.29858
0.001	0.0446025	-2	6.30244
0.001	0.05203625	-2	6.3063
0.001	0.05947	-2	6.31016
0.001	0.06690375	-2	6.31403
0.001	0.0743375	-2	6.31789
0.001	0.057253485	-2	6.32175
0.001	0.04016947	-2	6.32562
0.001	0.023085455	-2	6.32947
0.001	0.006001439	-2	6.33333
0.001	-0.011082576	-2	6.33718
0.001	-0.028166591	-2	6.34103
0.001	-0.045250606	-2	6.34487
0.001	-0.062334621	-2	6.34871
0.001	-0.079418636	-2	6.35254
0.001	-0.096502652	-2	6.35636
0.001	-0.096503864	-2	6.36018
0.001	-0.096505077	-2	6.36398
0.001	-0.096506289	-2	6.36778
0.001	-0.096507502	-2	6.37156
0.001	-0.096508714	-2	6.37534
0.001	-0.096509927	-2	6.3791
0.001	-0.096511139	-2	6.38285
0.001	-0.096512352	-2	6.38659
0.001	-0.096513564	-2	6.39031
0.001	-0.096514777	-2	6.39402
0.001	-0.096513764	-2	6.39772
0.001	-0.096512502	-2	6.4014
0.001	-0.096511239	-2	6.40506
0.001	-0.096509977	-2	6.40871
0.001	-0.096508714	-2	6.41235
0.001	-0.096507452	-2	6.41596
0.001	-0.096506189	-2	6.41956
0.001	-0.096504927	-2	6.42314
0.001	-0.096503664	-2	6.4267
0.001	-0.096502402	-2	6.43024
0.001	-0.097076522	-2	6.43377
0.001	-0.09779631	-2	6.43727
0.001	-0.098516097	-2	6.44076
0.001	-0.099235885	-2	6.44422
0.001	-0.099955672	-2	6.44766
0.001	-0.10067546	-2	6.45108
0.001	-0.101395247	-2	6.45448
0.001	-0.102115035	-2	6.45786
0.001	-0.102834822	-2	6.46121
0.001	-0.10355461	-2	6.46455
0.001	-0.115833004	-2	6.46786
0.001	-0.133136879	-2	6.47114
0.001	-0.150440754	-2	6.4744
0.001	-0.167744629	-2	6.47764
0.001	-0.185048504	-2	6.48086
0.001	-0.202352379	-2	6.48405
0.001	-0.219656254	-2	6.48721
0.001	-0.236960129	-2	6.49035
0.001	-0.254264004	-2	6.49347
0.001	-0.271567879	-2	6.49656
0.001	-0.278558017	-2	6.49962
0.001	-0.278555792	-2	6.50266
0.001	-0.278553567	-2	6.50568
0.001	-0.278551342	-2	6.50867
0.001	-0.278549117	-2	6.51163
0.001	-0.278546892	-2	6.51456
0.001	-0.278544667	-2	6.51747
0.001	-0.278542442	-2	6.52035
0.001	-0.278540217	-2	6.52321
0.001	-0.278537992	-2	6.52604
0.001	-0.278537945	-2	6.52884
0.001	-0.27854012	-2	6.53162
0.001	-0.278542295	-2	6.53436
0.001	-0.27854447	-2	6.53708
0.001	-0.278546645	-2	6.53978
0.001	-0.27854882	-2	6.54244
0.001	-0.278550995	-2	6.54508
0.001	-0.27855317	-2	6.5477
0.001	-0.278555345	-2	6.55028
0.001	-0.27855752	-2	6.55284
0.001	-0.278994368	-2	6.55537
0.001	-0.280099943	-2	6.55787
0.001	-0.281205518	-2	6.56035
0.001	-0.282311093	-2	6.5628
0.001	-0.283416668	-2	6.56522
0.001	-0.284522243	-2	6.56761
0.001	-0.285627818	-2	6.56998
0.001	-0.286733393	-2	6.57232
0.001	-0.287838968	-2	6.57463
0.001	-0.288944543	-2	6.57691
0.001	-0.293458497	-2	6.57917
0.001	-0.306199572	-2	6.5814
0.001	-0.318940647	-2	6.58361
0.001	-0.331681722	-2	6.58579
0.001	-0.344422797	-2	6.58794
0.001	-0.357163872	-2	6.59006
0.001	-0.369904947	-2	6.59216
0.001	-0.382646022	-2	6.59423
0.001	-0.395387097	-2	6.59628
0.001	-0.408128172	-2	6.5983
0.001	-0.418424379	-2	6.6003
0.001	-0.418426404	-2	6.60226
0.001	-0.418428429	-2	6.60421
0.001	-0.418430454	-2	6.60612
0.001	-0.418432479	-2	6.60802
0.001	-0.418434504	-2	6.60988
0.001	-0.418436529	-2	6.61173
0.001	-0.418438554	-2	6.61354
0.001	-0.418440579	-2	6.61534
0.001	-0.418442604	-2	6.6171
0.001	-0.418444252	-2	6.61885
0.001	-0.41844214	-2	6.62057
0.001	-0.418440027	-2	6.62226
0.001	-0.418437915	-2	6.62393
0.001	-0.418435802	-2	6.62558
0.001	-0.41843369	-2	6.62721
0.001	-0.418431577	-2	6.62881
0.001	-0.418429465	-2	6.63039
0.001	-0.418427352	-2	6.63194
0.001	-0.41842524	-2	6.63348
0.001	-0.418423127	-2	6.63499
0.001	-0.419208653	-2	6.63648
0.001	-0.420002215	-2	6.63794
0.001	-0.420795778	-2	6.63939
0.001	-0.42158934	-2	6.64081
0.001	-0.422382903	-2	6.64221
0.001	-0.423176465	-2	6.64359
0.001	-0.423970028	-2	6.64495
0.001	-0.42476359	-2	6.64629
0.001	-0.425557153	-2	6.64761
0.001	-0.426350715	-2	6.64891
0.001	-0.431604056	-2	6.65018
0.001	-0.437414868	-2	6.65144
0.001	-0.443225681	-2	6.65268
0.001	-0.449036493	-2	6.6539
0.001	-0.454847306	-2	6.6551
0.001	-0.460658118	-2	6.65628
0.001	-0.466468931	-2	6.65744
0.001	-0.472279743	-2	6.65859
0.001	-0.478090556	-2	6.65971
0.001	-0.483901368	-2	6.66082
0.001	-0.485131808	-2	6.66191
0.001	-0.48512907	-2	6.66298
0.001	-0.485126333	-2	6.66403
0.001	-0.485123595	-2	6.66507
0.001	-0.485120858	-2	6.66609
0.001	-0.48511812	-2	6.66709
0.001	-0.485115383	-2	6.66808
0.001	-0.485112645	-2	6.66905
0.001	-0.485109908	-2	6.67
0.001	-0.48510717	-2	6.67094
0.001	-0.485108271	-2	6.67186
0.001	-0.485111121	-2	6.67277
0.001	-0.485113971	-2	6.67366
0.001	-0.485116821	-2	6.67453
0.001	-0.485119671	-2	6.6754
0.001	-0.485122521	-2	6.67624
0.001	-0.485125371	-2	6.67707
0.001	-0.485128221	-2	6.67789
0.001	-0.485131071	-2	6.67869
0.001	-0.485133921	-2	6.67948
0.001	-0.484910292	-2	6.68026
0.001	-0.484526567	-2	6.68102
0.001	-0.484142842	-2	6.68177
0.001	-0.483759117	-2	6.68251
0.001	-0.483375392	-2	6.68323
0.001	-0.482991667	-2	6.68394
0.001	-0.482607942	-2	6.68464
0.001	-0.482224217	-2	6.68532
0.001	-0.481840492	-2	6.686
0.001	-0.481456767	-2	6.68666
0.001	-0.480287642	-2	6.68731
0.001	-0.47828403	-2	6.68795
0.001	-0.476280417	-2	6.68857
0.001	-0.474276805	-2	6.68919
0.001	-0.472273192	-2	6.68979
0.001	-0.47026958	-2	6.69039
0.001	-0.468265967	-2	6.69097
0.001	-0.466262355	-2	6.69154
0.001	-0.464258742	-2	6.6921
0.001	-0.46225513	-2	6.69265
0.001	-0.461020355	-2	6.6932
0.001	-0.461019768	-2	6.69373
0.001	-0.46101918	-2	6.69425
0.001	-0.461018593	-2	6.69476
0.001	-0.461018005	-2	6.69526
0.001	-0.461017418	-2	6.69576
0.001	-0.46101683	-2	6.69624
0.001	-0.461016243	-2	6.69672
0.001	-0.461015655	-2	6.69718
0.001	-0.461015068	-2	6.69764
0.001	-0.461015159	-2	6.69809
0.001	-0.461016972	-2	6.69859
0.001	-0.461018784	-2	6.69909
0.001	-0.461020597	-2	6.69959
0.001	-0.461022409	-2	6.70009
0.001	-0.461024222	-2	6.70059
0.001	-0.461026034	-2	6.70109
0.001	-0.461027847	-2	6.70159
0.001	-0.461029659	-2	6.70209
0.001	-0.461031472	-2	6.70259
0.001	-0.460518816	-2	6.70309
0.001	-0.457691053	-2	6.70359
0.001	-0.454863291	-2	6.70409
0.001	-0.452035528	-2	6.70459
0.001	-0.449207766	-2	6.70509
0.001	-0.446380003	-2	6.70559
0.001	-0.443552241	-2	6.70609
0.001	-0.440724478	-2	6.70639
0.001	-0.437896716	-2	6.70669
0.001	-0.435068953	-2	6.70699
0.001	-0.431556	-2	6.70729
0.001	-0.420249	-2	6.70759
0.001	-0.408942	-2	6.70789
0.001	-0.397635	-2	6.70819
0.001	-0.386328	-2	6.70849
0.001	-0.375021	-2	6.70879
0.001	-0.363714	-2	6.70909
0.001	-0.352407	-2	6.70939
0.001	-0.3411	-2	6.70969
0.001	-0.329793	-2	6.70999
0.001	-0.318486	-2	6.71029
0.001	-0.318257576	-2	6.71059
0.001	-0.318257576	-2	6.71079
0.001	-0.318257576	-2	6.71099
0.001	-0.318257576	-2	6.71119
0.001	-0.318257576	-2	6.71139
0.001	-0.318257576	-2	6.71159
0.001	-0.318257576	-2	6.71179
0.001	-0.318257576	-2	6.71199
0.001	-0.318257576	-2	6.71219
0.001	-0.318257576	-2	6.71239
0.001	-0.318257576	-2	6.71259
0.001	-0.318257576	-2	6.71279
0.001	-0.318257576	-2	6.71299
0.001	-0.318257576	-2	6.71319
0.001	-0.318257576	-2	6.71339
0.001	-0.318257576	-2	6.71359
0.001	-0.318257576	-2	6.71369
0.001	-0.318257576	-2	6.71379
0.001	-0.318257576	-2	6.71389
0.001	-0.318257576	-2	6.71399
0.001	-0.316533709	-2	6.71409
0.001	-0.314317309	-2	6.71419
0.001	-0.312100909	-2	6.71429
0.001	-0.309884509	-2	6.71439
0.001	-0.307668109	-2	6.71449
0.001	-0.305451709	-2	6.71459
0.001	-0.303235309	-2	6.71469
0.001	-0.301018909	-2	6.71479
0.001	-0.298802509	-2	6.71489
0.001	-0.296586109	-2	6.71499
0.001	-0.291119947	-2	6.71509
0.001	-0.284101659	-2	6.71519
0.001	-0.277083372	-2	6.71529
0.001	-0.270065084	-2	6.71539
0.001	-0.263046797	-2	6.71549
0.001	-0.256028509	-2	6.71559
0.001	-0.249010222	-2	6.71569
0.001	-0.241991934	-2	6.71579
0.001	-0.234973647	-2	6.71589
0.001	-0.227955359	-2	6.71599
0.001	-0.224978257	-2	6.71609
0.001	-0.224978869	-2	6.71619
0.001	-0.224979482	-2	6.71629
0.001	-0.224980094	-2	6.71639
0.001	-0.224980707	-2	6.71649
0.001	-0.224981319	-2	6.71659
0.001	-0.224981932	-2	6.71669
0.001	-0.224982544	-2	6.71679
0.001	-0.224983157	-2	6.71689
0.001	-0.224983769	-2	6.71699
0.001	-0.224983812	-2	6.71709
0.001	-0.224983224	-2	6.71719
0.001	-0.224982637	-2	6.71729
0.001	-0.224982049	-2	6.71739
0.001	-0.224981462	-2	6.71749
0.001	-0.224980874	-2	6.71759
0.001	-0.224980287	-2	6.71769
0.001	-0.224979699	-2	6.71779
0.001	-0.224979112	-2	6.71789
0.001	-0.224978524	-2	6.71799
0.001	-0.22425526	-2	6.71809
0.001	-0.222321022	-2	6.71819
0.001	-0.220386785	-2	6.71829
0.001	-0.218452547	-2	6.71839
0.001	-0.21651831	-2	6.71849
0.001	-0.214584072	-2	6.71859
0.001	-0.212649835	-2	6.71869
0.001	-0.210715597	-2	6.71879
0.001	-0.20878136	-2	6.71889
0.001	-0.206847122	-2	6.71899
0.001	-0.204083286	-2	6.71909
0.001	-0.199107186	-2	6.71919
0.001	-0.194131086	-2	6.71929
0.001	-0.189154986	-2	6.71939
0.001	-0.184178886	-2	6.71949
0.001	-0.179202786	-2	6.71959
0.001	-0.174226686	-2	6.71969
0.001	-0.169250586	-2	6.71979
0.001	-0.164274486	-2	6.71989
0.001	-0.159298386	-2	6.71994
0.001	-0.155176768	-2	6.71999
0.001	-0.155176768	-2	6.72004
0.001	-0.155176768	-2	6.72009
0.001	-0.155176768	-2	6.72014
0.001	-0.155176768	-2	6.72019
0.001	-0.155176768	-2	6.72024
0.001	-0.155176768	-2	6.72029
0.001	-0.155176768	-2	6.72043
0.001	-0.155176768	-2	6.72043
0.001	-0.155176768	-2	6.72043
0.001	-0.15517674	-2	6.72043
0.001	-0.155176353	-2	6.72043
0.001	-0.155175965	-2	6.72043
0.001	-0.155175578	-2	6.72043
0.001	-0.15517519	-2	6.72043
0.001	-0.155174803	-2	6.72043
0.001	-0.155174415	-2	6.72043
0.001	-0.155174028	-2	6.72043
0.001	-0.15517364	-2	6.72043
0.001	-0.155173253	-2	6.72043
0.001	-0.155172865	-2	6.72043
0.001	-0.152691532	-2	6.72043
0.001	-0.15013267	-2	6.72043
0.001	-0.147573807	-2	6.72043
0.001	-0.145014945	-2	6.72043
0.001	-0.142456082	-2	6.72043
0.001	-0.13989722	-2	6.72043
0.001	-0.137338357	-2	6.72043
0.001	-0.134779495	-2	6.72043
0.001	-0.132220632	-2	6.72043
0.001	-0.12966177	-2	6.72043
0.001	-0.124602718	-2	6.72043
0.001	-0.11916573	-2	6.72043
0.001	-0.113728743	-2	6.72043
0.001	-0.108291755	-2	6.72043
0.001	-0.102854768	-2	6.72043
0.001	-0.09741778	-2	6.72043
0.001	-0.091980793	-2	6.72043
0.001	-0.086543805	-2	6.72043
0.001	-0.081106818	-2	6.72043
0.001	-0.07566983	-2	6.72043
0.001	-0.074405416	-2	6.72043
0.001	-0.074403753	-2	6.72043
0.001	-0.074402091	-2	6.72043
0.001	-0.074400428	-2	6.72043
0.001	-0.074398766	-2	6.72043
0.001	-0.074397103	-2	6.72043
0.001	-0.074395441	-2	6.72043
0.001	-0.074393778	-2	6.72043
0.001	-0.074392116	-2	6.72043
0.001	-0.074390453	-2	6.72043
0.001	-0.074390416	-2	6.72043
0.001	-0.074391191	-2	6.72043
0.001	-0.074391966	-2	6.72043
0.001	-0.074392741	-2	6.72043
0.001	-0.074393516	-2	6.72043
0.001	-0.074394291	-2	6.72043
0.001	-0.074395066	-2	6.72043
0.001	-0.074395841	-2	6.72043
0.001	-0.074396616	-2	6.72043
0.001	-0.074397391	-2	6.72043
0.001	-0.071701935	-2	6.72043
0.001	-0.06693616	-2	6.72043
0.001	-0.062170385	-2	6.72043
0.001	-0.05740461	-2	6.72043
0.001	-0.052638835	-2	6.72043
0.001	-0.04787306	-2	6.72043
0.001	-0.043107285	-2	6.72043
0.001	-0.03834151	-2	6.72043
0.001	-0.033575735	-2	6.72043
0.001	-0.02880996	-2	6.72043
0.001	-0.022323001	-2	6.72043
0.001	-0.013852939	-2	6.72043
0.001	-0.005382876	-2	6.72043
0.001	0.003087186	-2	6.72043
0.001	0.011557249	-2	6.72043
0.001	0.020027311	-2	6.72043
0.001	0.028497374	-2	6.72043
0.001	0.036967436	-2	6.72043
0.001	0.045437499	-2	6.72043
0.001	0.053907561	-2	6.72043
0.001	0.059297715	-2	6.72043
0.001	0.059298027	-2	6.72043
0.001	0.05929834	-2	6.72043
0.001	0.059298652	-2	6.72043
0.001	0.059298965	-2	6.72043
0.001	0.059299277	-2	6.72043
0.001	0.05929959	-2	6.72043
0.001	0.059299902	-2	6.72043
0.001	0.059300215	-2	6.72043
0.001	0.059300527	-2	6.72043
0.001	0.059300682	-2	6.72043
0.001	0.059300395	-2	6.72043
0.001	0.059300107	-2	6.72043
0.001	0.05929982	-2	6.72043
0.001	0.059299532	-2	6.72043
0.001	0.059299245	-2	6.72043
0.001	0.059298957	-2	6.72043
0.001	0.05929867	-2	6.72043
0.001	0.059298382	-2	6.72043
0.001	0.059298095	-2	6.72043
0.001	0.060081654	-2	6.72043
0.001	0.064931416	-2	6.72043
0.001	0.069781179	-2	6.72043
0.001	0.074630941	-2	6.72043
0.001	0.079480704	-2	6.72043
0.001	0.084330466	-2	6.72043
0.001	0.089180229	-2	6.72043
0.001	0.094029991	-2	6.72043
0.001	0.098879754	-2	6.72043
0.001	0.103729516	-2	6.72043
0.001	0.108726234	-2	6.72043
0.001	0.116000759	-2	6.72043
0.001	0.123275284	-2	6.72043
0.001	0.130549809	-2	6.72043
0.001	0.137824334	-2	6.72043
0.001	0.145098859	-2	6.72043
0.001	0.152373384	-2	6.72043
0.001	0.159647909	-2	6.72043
0.001	0.166922434	-2	6.72043
0.001	0.174196959	-2	6.72043
0.001	0.181471484	-2	6.72043
0.001	0.181766316	-2	6.72043
0.001	0.181767266	-2	6.72043
0.001	0.181768216	-2	6.72043
0.001	0.181769166	-2	6.72043
0.001	0.181770116	-2	6.72043
0.001	0.181771066	-2	6.72043
0.001	0.181772016	-2	6.72043
0.001	0.181772966	-2	6.72043
0.001	0.181773916	-2	6.72043
0.001	0.181774866	-2	6.72043
0.001	0.181774378	-2	6.72043
0.001	0.181773653	-2	6.72043
0.001	0.181772928	-2	6.72043
0.001	0.181772203	-2	6.72043
0.001	0.181771478	-2	6.72043
0.001	0.181770753	-2	6.72043
0.001	0.181770028	-2	6.72043
0.001	0.181769303	-2	6.72043
0.001	0.181768578	-2	6.72043
0.001	0.181767853	-2	6.72043
0.001	0.184486843	-2	6.72043
0.001	0.188076143	-2	6.72043
0.001	0.191665443	-2	6.72043
0.001	0.195254743	-2	6.72043
0.001	0.198844043	-2	6.72043
0.001	0.202433343	-2	6.72043
0.001	0.206022643	-2	6.72043
0.001	0.209611943	-2	6.72043
0.001	0.213201243	-2	6.72043
0.001	0.216790543	-2	6.72043
0.001	0.221021817	-2	6.72043
0.001	0.225588892	-2	6.72043
0.001	0.230155967	-2	6.72043
0.001	0.234723042	-2	6.72043
0.001	0.239290117	-2	6.72043
0.001	0.243857192	-2	6.72043
0.001	0.248424267	-2	6.72043
0.001	0.252991342	-2	6.72043
0.001	0.257558417	-2	6.72043
0.001	0.262125492	-2	6.72043
0.001	0.264155178	-2	6.72043
0.001	0.264154953	-2	6.72043
0.001	0.264154728	-2	6.72043
0.001	0.264154503	-2	6.72043
0.001	0.264154278	-2	6.72043
0.001	0.264154053	-2	6.72043
0.001	0.264153828	-2	6.72043
0.001	0.264153603	-2	6.72043
0.001	0.264153378	-2	6.72043
0.001	0.264153153	-2	6.72043
0.001	0.264153644	-2	6.72043
0.001	0.264154994	-2	6.72043
0.001	0.264156344	-2	6.72043
0.001	0.264157694	-2	6.72043
0.001	0.264159044	-2	6.72043
0.001	0.264160394	-2	6.72043
0.001	0.264161744	-2	6.72043
0.001	0.264163094	-2	6.72043
0.001	0.264164444	-2	6.72043
0.001	0.264165794	-2	6.72043
0.001	0.26450203	-2	6.72043
0.001	0.26545063	-2	6.72043
0.001	0.26639923	-2	6.72043
0.001	0.26734783	-2	6.72043
0.001	0.26829643	-2	6.72043
0.001	0.26924503	-2	6.72043
0.001	0.27019363	-2	6.72043
0.001	0.27114223	-2	6.72043
0.001	0.27209083	-2	6.72043
0.001	0.27303943	-2	6.72043
0.001	0.274008302	-2	6.72043
0.001	0.275037177	-2	6.72043
0.001	0.276066052	-2	6.72043
0.001	0.277094927	-2	6.72043
0.001	0.278123802	-2	6.72043
0.001	0.279152677	-2	6.72043
0.001	0.280181552	-2	6.72043
0.001	0.281210427	-2	6.72043
0.001	0.282239302	-2	6.72043
0.001	0.283268177	-2	6.72043
0.001	0.28414126	-2	6.72043
0.001	0.28414191	-2	6.72043
0.001	0.28414256	-2	6.72043
0.001	0.28414321	-2	6.72043
0.001	0.28414386	-2	6.72043
0.001	0.28414451	-2	6.72043
0.001	0.28414516	-2	6.72043
0.001	0.28414581	-2	6.72043
0.001	0.28414646	-2	6.72043
0.001	0.28414711	-2	6.72043
0.001	0.284147696	-2	6.72043
0.001	0.284147071	-2	6.72043
0.001	0.284146446	-2	6.72043
0.001	0.284145821	-2	6.72043
0.001	0.284145196	-2	6.72043
0.001	0.284144571	-2	6.72043
0.001	0.284143946	-2	6.72043
0.001	0.284143321	-2	6.72043
0.001	0.284142696	-2	6.72043
0.001	0.284142071	-2	6.72043
0.001	0.284141446	-2	6.72043
0.001	0.283108269	-2	6.72043
0.001	0.282020169	-2	6.72043
0.001	0.280932069	-2	6.72043
0.001	0.279843969	-2	6.72043
0.001	0.278755869	-2	6.72043
0.001	0.277667769	-2	6.72043
0.001	0.276579669	-2	6.72043
0.001	0.275491569	-2	6.72043
0.001	0.274403469	-2	6.72043
0.001	0.273315369	-2	6.72043
0.001	0.272298287	-2	6.72043
0.001	0.271293887	-2	6.72043
0.001	0.270289487	-2	6.72043
0.001	0.269285087	-2	6.72043
0.001	0.268280687	-2	6.72043
0.001	0.267276287	-2	6.72043
0.001	0.266271887	-2	6.72043
0.001	0.265267487	-2	6.72043
0.001	0.264263087	-2	6.72043
0.001	0.263258687	-2	6.72043
0.001	0.263004546	-2	6.72043
0.001	0.263003871	-2	6.72043
0.001	0.263003196	-2	6.72043
0.001	0.263002521	-2	6.72043
0.001	0.263001846	-2	6.72043
0.001	0.263001171	-2	6.72043
0.001	0.263000496	-2	6.72043
0.001	0.262999821	-2	6.72043
0.001	0.262999146	-2	6.72043
0.001	0.262998471	-2	6.72043
0.001	0.262998749	-2	6.72043
0.001	0.262999549	-2	6.72043
0.001	0.263000349	-2	6.72043
0.001	0.263001149	-2	6.72043
0.001	0.263001949	-2	6.72043
0.001	0.263002749	-2	6.72043
0.001	0.263003549	-2	6.72043
0.001	0.263004349	-2	6.72043
0.001	0.263005149	-2	6.72043
0.001	0.263005949	-2	6.72043
0.001	0.261502945	-2	6.72043
0.001	0.25874677	-2	6.72043
0.001	0.255990595	-2	6.72043
0.001	0.25323442	-2	6.72043
0.001	0.250478245	-2	6.72043
0.001	0.24772207	-2	6.72043
0.001	0.244965895	-2	6.72043
0.001	0.24220972	-2	6.72043
0.001	0.239453545	-2	6.72043
0.001	0.23669737	-2	6.72043
0.001	0.234203928	-2	6.72043
0.001	0.232038903	-2	6.72043
0.001	0.229873878	-2	6.72043
0.001	0.227708853	-2	6.72043
0.001	0.225543828	-2	6.72043
0.001	0.223378803	-2	6.72043
0.001	0.221213778	-2	6.72043
0.001	0.219048753	-2	6.72043
0.001	0.216883728	-2	6.72043
0.001	0.214718703	-2	6.72043
0.001	0.213297591	-2	6.72043
0.001	0.213298666	-2	6.72043
0.001	0.213299741	-2	6.72043
0.001	0.213300816	-2	6.72043
0.001	0.213301891	-2	6.72043
0.001	0.213302966	-2	6.72043
0.001	0.213304041	-2	6.72043
0.001	0.213305116	-2	6.72043
0.001	0.213306191	-2	6.72043
0.001	0.213307266	-2	6.72043
0.001	0.213307902	-2	6.72043
0.001	0.213307165	-2	6.72043
0.001	0.213306427	-2	6.72043
0.001	0.21330569	-2	6.72043
0.001	0.213304952	-2	6.72043
0.001	0.213304215	-2	6.72043
0.001	0.213303477	-2	6.72043
0.001	0.21330274	-2	6.72043
0.001	0.213302002	-2	6.72043
0.001	0.213301265	-2	6.72043
0.001	0.213019392	-2	6.72043
0.001	0.21103063	-2	6.72043
0.001	0.209041867	-2	6.72043
0.001	0.207053105	-2	6.72043
0.001	0.205064342	-2	6.72043
0.001	0.20307558	-2	6.72043
0.001	0.201086817	-2	6.72043
0.001	0.199098055	-2	6.72043
0.001	0.197109292	-2	6.72043
0.001	0.19512053	-2	6.72043
0.001	0.193158535	-2	6.72043
0.001	0.191832272	-2	6.72043
0.001	0.19050601	-2	6.72043
0.001	0.189179747	-2	6.72043
0.001	0.187853485	-2	6.72043
0.001	0.186527222	-2	6.72043
0.001	0.18520096	-2	6.72043
0.001	0.183874697	-2	6.72043
0.001	0.182548435	-2	6.72043
0.001	0.181222172	-2	6.72043
0.001	0.17989591	-2	6.72043
0.001	0.179815072	-2	6.72043
0.001	0.179814585	-2	6.72043
0.001	0.179814097	-2	6.72043
0.001	0.17981361	-2	6.72043
0.001	0.179813122	-2	6.72043
0.001	0.179812635	-2	6.72043
0.001	0.179812147	-2	6.72043
0.001	0.17981166	-2	6.72043
0.001	0.179811172	-2	6.72043
0.001	0.179810685	-2	6.72043
0.001	0.179811927	-2	6.72043
0.001	0.179813502	-2	6.72043
0.001	0.179815077	-2	6.72043
0.001	0.179816652	-2	6.72043
0.001	0.179818227	-2	6.72043
0.001	0.179819802	-2	6.72043
0.001	0.179821377	-2	6.72043
0.001	0.179822952	-2	6.72043
0.001	0.179824527	-2	6.72043
0.001	0.179826102	-2	6.72043
0.001	0.175976927	-2	6.72043
0.001	0.170756252	-2	6.72043
0.001	0.165535577	-2	6.72043
0.001	0.160314902	-2	6.72043
0.001	0.155094227	-2	6.72043
0.001	0.149873552	-2	6.72043
0.001	0.144652877	-2	6.72043
0.001	0.139432202	-2	6.72043
0.001	0.134211527	-2	6.72043
0.001	0.128990852	-2	6.72043
0.001	0.125223329	-2	6.72043
0.001	0.122286179	-2	6.72043
0.001	0.119349029	-2	6.72043
0.001	0.116411879	-2	6.72043
0.001	0.113474729	-2	6.72043
0.001	0.110537579	-2	6.72043
0.001	0.107600429	-2	6.72043
0.001	0.104663279	-2	6.72043
0.001	0.101726129	-2	6.72043
0.001	0.098788979	-2	6.72043
0.001	0.097424684	-2	6.72043
0.001	0.097425509	-2	6.72043
0.001	0.097426334	-2	6.72043
0.001	0.097427159	-2	6.72043
0.001	0.097427984	-2	6.72043
0.001	0.097428809	-2	6.72043
0.001	0.097429634	-2	6.72043
0.001	0.097430459	-2	6.72043
0.001	0.097431284	-2	6.72043
0.001	0.097432109	-2	6.72043
0.001	0.097432397	-2	6.72043
0.001	0.097431984	-2	6.72043
0.001	0.097431572	-2	6.72043
0.001	0.097431159	-2	6.72043
0.001	0.097430747	-2	6.72043
0.001	0.097430334	-2	6.72043
0.001	0.097429922	-2	6.72043
0.001	0.097429509	-2	6.72043
0.001	0.097429097	-2	6.72043
0.001	0.097428684	-2	6.72043
0.001	0.096532372	-2	6.72043
0.001	0.093844259	-2	6.72043
0.001	0.091156147	-2	6.72043
0.001	0.088468034	-2	6.72043
0.001	0.085779922	-2	6.72043
0.001	0.083091809	-2	6.72043
0.001	0.080403697	-2	6.72043
0.001	0.077715584	-2	6.72043
0.001	0.075027472	-2	6.72043
0.001	0.072339359	-2	6.72043
0.001	0.069982116	-2	6.72043
0.001	0.068718178	-2	6.72043
0.001	0.067454241	-2	6.72043
0.001	0.066190303	-2	6.72043
0.001	0.064926366	-2	6.72043
0.001	0.063662428	-2	6.72043
0.001	0.062398491	-2	6.72043
0.001	0.061134553	-2	6.72043
0.001	0.059870616	-2	6.72043
0.001	0.058606678	-2	6.72043
0.001	0.057508533	-2	6.72043
0.001	0.057507171	-2	6.72043
0.001	0.057505808	-2	6.72043
0.001	0.057504446	-2	6.72043
0.001	0.057503083	-2	6.72043
0.001	0.057501721	-2	6.72043
0.001	0.057500358	-2	6.72043
0.001	0.057498996	-2	6.72043
0.001	0.057497633	-2	6.72043
0.001	0.057496271	-2	6.72043
0.001	0.057494954	-2	6.72043
0.001	0.057495091	-2	6.72043
0.001	0.057495229	-2	6.72043
0.001	0.057495366	-2	6.72043
0.001	0.057495504	-2	6.72043
0.001	0.057495641	-2	6.72043
0.001	0.057495779	-2	6.72043
0.001	0.057495916	-2	6.72043
0.001	0.057496054	-2	6.72043
0.001	0.057496191	-2	6.72043
0.001	0.057496329	-2	6.72043
0.001	0.056816712	-2	6.72043
0.001	0.056085374	-2	6.72043
0.001	0.055354037	-2	6.72043
0.001	0.054622699	-2	6.72043
0.001	0.053891362	-2	6.72043
0.001	0.053160024	-2	6.72043
0.001	0.052428687	-2	6.72043
0.001	0.051697349	-2	6.72043
0.001	0.050966012	-2	6.72043
0.001	0.050234674	-2	6.72043
0.001	0.049874159	-2	6.72043
0.001	0.049590521	-2	6.72043
0.001	0.049306884	-2	6.72043
0.001	0.049023246	-2	6.72043
0.001	0.048739609	-2	6.72043
0.001	0.048455971	-2	6.72043
0.001	0.048172334	-2	6.72043
0.001	0.047888696	-2	6.72043
0.001	0.047605059	-2	6.72043
0.001	0.047321421	-2	6.72043
0.001	0.047244984	-2	6.72043
0.001	0.047246246	-2	6.72043
0.001	0.047247509	-2	6.72043
0.001	0.047248771	-2	6.72043
0.001	0.047250034	-2	6.72043
0.001	0.047251296	-2	6.72043
0.001	0.047252559	-2	6.72043
0.001	0.047253821	-2	6.72043
0.001	0.047255084	-2	6.72043
0.001	0.047256346	-2	6.72043
0.001	0.047256435	-2	6.72043
0.001	0.047255822	-2	6.72043
0.001	0.04725521	-2	6.72043
0.001	0.047254597	-2	6.72043
0.001	0.047253985	-2	6.72043
0.001	0.047253372	-2	6.72043
0.001	0.04725276	-2	6.72043
0.001	0.047252147	-2	6.72043
0.001	0.047251535	-2	6.72043
0.001	0.047250922	-2	6.72043
0.001	0.047972007	-2	6.72043
0.001	0.049345394	-2	6.72043
0.001	0.050718782	-2	6.72043
0.001	0.052092169	-2	6.72043
0.001	0.053465557	-2	6.72043
0.001	0.054838944	-2	6.72043
0.001	0.056212332	-2	6.72043
0.001	0.057585719	-2	6.72043
0.001	0.058959107	-2	6.72043
0.001	0.060332494	-2	6.72043
0.001	0.06130686	-2	6.72043
0.001	0.061739698	-2	6.72043
0.001	0.062172535	-2	6.72043
0.001	0.062605373	-2	6.72043
0.001	0.06303821	-2	6.72043
0.001	0.063471048	-2	6.72043
0.001	0.063903885	-2	6.72043
0.001	0.064336723	-2	6.72043
0.001	0.06476956	-2	6.72043
0.001	0.065202398	-2	6.72043
0.001	0.065495866	-2	6.72043
0.001	0.065497528	-2	6.72043
0.001	0.065499191	-2	6.72043
0.001	0.065500853	-2	6.72043
0.001	0.065502516	-2	6.72043
0.001	0.065504178	-2	6.72043
0.001	0.065505841	-2	6.72043
0.001	0.065507503	-2	6.72043
0.001	0.065509166	-2	6.72043
0.001	0.065510828	-2	6.72043
0.001	0.065512024	-2	6.72043
0.001	0.065511586	-2	6.72043
0.001	0.065511149	-2	6.72043
0.001	0.065510711	-2	6.72043
0.001	0.065510274	-2	6.72043
0.001	0.065509836	-2	6.72043
0.001	0.065509399	-2	6.72043
0.001	0.065508961	-2	6.72043
0.001	0.065508524	-2	6.72043
0.001	0.065508086	-2	6.72043
0.001	0.066146458	-2	6.72043
0.001	0.071416196	-2	6.72043
0.001	0.076685933	-2	6.72043
0.001	0.081955671	-2	6.72043
0.001	0.087225408	-2	6.72043
0.001	0.092495146	-2	6.72043
0.001	0.097764883	-2	6.72043
0.001	0.103034621	-2	6.72043
0.001	0.108304358	-2	6.72043
0.001	0.113574096	-2	6.72043
0.001	0.118764051	-2	6.72043
0.001	0.120084589	-2	6.72043
0.001	0.121405126	-2	6.72043
0.001	0.122725664	-2	6.72043
0.001	0.124046201	-2	6.72043
0.001	0.125366739	-2	6.72043
0.001	0.126687276	-2	6.72043
0.001	0.128007814	-2	6.72043
0.001	0.129328351	-2	6.72043
0.001	0.130648889	-2	6.72043
0.001	0.131969426	-2	6.72043
0.001	0.132073965	-2	6.72043
0.001	0.132071602	-2	6.72043
0.001	0.13206924	-2	6.72043
0.001	0.132066877	-2	6.72043
0.001	0.132064515	-2	6.72043
0.001	0.132062152	-2	6.72043
0.001	0.13205979	-2	6.72043
0.001	0.132057427	-2	6.72043
0.001	0.132055065	-2	6.72043
0.001	0.132052702	-2	6.72043
0.001	0.132053418	-2	6.72043
0.001	0.132054818	-2	6.72043
0.001	0.132056218	-2	6.72043
0.001	0.132057618	-2	6.72043
0.001	0.132059018	-2	6.72043
0.001	0.132060418	-2	6.72043
0.001	0.132061818	-2	6.72043
0.001	0.132063218	-2	6.72043
0.001	0.132064618	-2	6.72043
0.001	0.132066018	-2	6.72043
0.001	0.136770899	-2	6.72043
0.001	0.143330674	-2	6.72043
0.001	0.149890449	-2	6.72043
0.001	0.156450224	-2	6.72043
0.001	0.163009999	-2	6.72043
0.001	0.169569774	-2	6.72043
0.001	0.176129549	-2	6.72043
0.001	0.182689324	-2	6.72043
0.001	0.189249099	-2	6.72043
0.001	0.195808874	-2	6.72043
0.001	0.199097255	-2	6.72043
0.001	0.200347717	-2	6.72043
0.001	0.20159818	-2	6.72043
0.001	0.202848642	-2	6.72043
0.001	0.204099105	-2	6.72043
0.001	0.205349567	-2	6.72043
0.001	0.20660003	-2	6.72043
0.001	0.207850492	-2	6.72043
0.001	0.209100955	-2	6.72043
0.001	0.210351417	-2	6.72043
0.001	0.210957799	-2	6.72043
0.001	0.210957986	-2	6.72043
0.001	0.210958174	-2	6.72043
0.001	0.210958361	-2	6.72043
0.001	0.210958549	-2	6.72043
0.001	0.210958736	-2	6.72043
0.001	0.210958924	-2	6.72043
0.001	0.210959111	-2	6.72043
0.001	0.210959299	-2	6.72043
0.001	0.210959486	-2	6.72043
0.001	0.210959596	-2	6.72043
0.001	0.210959596	-2	6.72043
0.001	0.210959596	-2	6.72043
0.001	0.210959596	-2	6.72043
0.001	0.210959596	-2	6.72043
0.001	0.210959596	-2	6.72043
0.001	0.210959596	-2	6.72043
0.001	0.210959596	-2	6.72043
0.001	0.210959596	-2	6.72043
0.001	0.210959596	-2	6.72043
0.001	0.212412118	-2	6.72043
0.001	0.217050818	-2	6.72043
0.001	0.221689518	-2	6.72043
0.001	0.226328218	-2	6.72043
0.001	0.230966918	-2	6.72043
0.001	0.235605618	-2	6.72043
0.001	0.240244318	-2	6.72043
0.001	0.244883018	-2	6.72043
0.001	0.249521718	-2	6.72043
0.001	0.254160418	-2	6.72043
0.001	0.257948621	-2	6.72043
0.001	0.258577833	-2	6.72043
0.001	0.259207046	-2	6.72043
0.001	0.259836258	-2	6.72043
0.001	0.260465471	-2	6.72043
0.001	0.261094683	-2	6.72043
0.001	0.261723896	-2	6.72043
0.001	0.262353108	-2	6.72043
0.001	0.262982321	-2	6.72043
0.001	0.263611533	-2	6.72043
0.001	0.264171163	-2	6.72043
0.001	0.264174125	-2	6.72043
0.001	0.264177088	-2	6.72043
0.001	0.26418005	-2	6.72043
0.001	0.264183013	-2	6.72043
0.001	0.264185975	-2	6.72043
0.001	0.264188937	-2	6.72043
0.001	0.2641919	-2	6.72043
0.001	0.264194862	-2	6.72043
0.001	0.264197825	-2	6.72043
0.001	0.264200738	-2	6.72043
0.001	0.264198838	-2	6.72043
0.001	0.264196938	-2	6.72043
0.001	0.264195038	-2	6.72043
0.001	0.264193138	-2	6.72043
0.001	0.264191238	-2	6.72043
0.001	0.264189338	-2	6.72043
0.001	0.264187438	-2	6.72043
0.001	0.264185538	-2	6.72043
0.001	0.264183638	-2	6.72043
0.001	0.264181738	-2	6.72043
0.001	0.256656179	-2	6.72043
0.001	0.248378254	-2	6.72043
0.001	0.240100329	-2	6.72043
0.001	0.231822404	-2	6.72043
0.001	0.223544479	-2	6.72043
0.001	0.215266554	-2	6.72043
0.001	0.206988629	-2	6.72043
0.001	0.198710704	-2	6.72043
0.001	0.190432779	-2	6.72043
0.001	0.182154854	-2	6.72043
0.001	0.179983566	-2	6.72043
0.001	0.179262603	-2	6.72043
0.001	0.178541641	-2	6.72043
0.001	0.177820678	-2	6.72043
0.001	0.177099716	-2	6.72043
0.001	0.176378753	-2	6.72043
0.001	0.175657791	-2	6.72043
0.001	0.174936828	-2	6.72043
0.001	0.174215866	-2	6.72043
0.001	0.173494903	-2	6.72043
0.001	0.173282819	-2	6.72043
0.001	0.173281557	-2	6.72043
0.001	0.173280294	-2	6.72043
0.001	0.173279032	-2	6.72043
0.001	0.173277769	-2	6.72043
0.001	0.173276507	-2	6.72043
0.001	0.173275244	-2	6.72043
0.001	0.173273982	-2	6.72043
0.001	0.173272719	-2	6.72043
0.001	0.173271457	-2	6.72043
0.001	0.173272354	-2	6.72043
0.001	0.173274654	-2	6.72043
0.001	0.173276954	-2	6.72043
0.001	0.173279254	-2	6.72043
0.001	0.173281554	-2	6.72043
0.001	0.173283854	-2	6.72043
0.001	0.173286154	-2	6.72043
0.001	0.173288454	-2	6.72043
0.001	0.173290754	-2	6.72043
0.001	0.173293054	-2	6.72043
0.001	0.164976073	-2	6.72043
0.001	0.148506198	-2	6.72043
0.001	0.132036323	-2	6.72043
0.001	0.115566448	-2	6.72043
0.001	0.099096573	-2	6.72043
0.001	0.082626698	-2	6.72043
0.001	0.066156823	-2	6.72043
0.001	0.049686948	-2	6.72043
0.001	0.033217073	-2	6.72043
0.001	0.016747198	-2	6.72043
0.001	0.006654545	-2	6.72043
0.001	0.005968295	-2	6.72043
0.001	0.005282045	-2	6.72043
0.001	0.004595795	-2	6.72043
0.001	0.003909545	-2	6.72043
0.001	0.003223295	-2	6.72043
0.001	0.002537045	-2	6.72043
0.001	0.001850795	-2	6.72043
0.001	0.001164545	-2	6.72043
0.001	0.000478295	-2	6.72043
0.001	0	-2	6.72043
0.001	0	-2	6.72043
0.001	0	-2	6.72043
0.001	0	-2	6.72043
0.001	0	-2	6.72043
0.001	0	-2	6.72043
0.001	0	-2	6.72043
0.001	0	-2	6.72043
0.001	0	-2	6.72043
0.001	0	-2	6.72043
0.001	0	-2	6.72043
0.001	0	-2	6.72043
0.001	0	-2	6.72043
0.001	0	-2	6.72043
0.001	0	-2	6.72043
0.001	0	-2	6.72043
0.001	0	-2	6.72043
0.001	0	-2	6.72043
0.001	0	-2	6.72043
0.001	0	-2	6.72043
0.001	0	-2	6.72043
0.001	0	-2	6.72043
0.001	0	-2	6.72043
0.001	0	-2	6.72043
0.001	0	-2	6.72043
0.001	0	-2	6.72043
0.001	0	-2	6.72043
0.001	0	-2	6.72043
0.001	0	-2	6.72043
0.001	0	-2	6.72043
0.001	0	-2	6.72043
0.001	0	-2	6.72043
0.001	0	-2	6.72043
0.001	0	-2	6.72043
0.001	0	-2	6.72043
0.001	0	-2	6.72043
0.001	0	-2	6.72043
0.001	0	-2	6.72043
0.001	0	-2	6.72043
0.001	0	-2	6.72043
0.001	0	-2	6.72043
0.001	0	-2	6.72043
0.001	0	-2	6.72043
0.001	0	-2	6.72043
0.001	0	-2	6.72043
0.001	0	-2	6.72043
0.001	0	-2	6.72043
0.001	0	-2	6.72043
0.001	0	-2	6.72043
0.001	0	-2	6.72043
0.001	0	-2	6.72043
0.001	0	-2	6.72043
0.001	0	-2	6.72043
0.001	0	-2	6.72043
0.001	0	-2	6.72043
0.001	0	-2	6.72043
0.001	0	-2	6.72043
0.001	0	-2	6.72043
0.001	0	-2	6.72043
0.001	0	-2	6.72043
0.001	0	-2	6.72043
0.001	0	-2	6.72043
0.001	0	-2	6.72043
0.001	0	-2	6.72043
0.001	0	-2	6.72043
0.001	0	-2	6.72043
0.001	0	-2	6.72043
0.001	0	-2	6.72043
0.001	0	-2	6.72043
0.001	0	-2	6.72043
0.001	0	-2	6.72043
0.001	0	-2	6.72043
0.001	0	-2	6.72043
0.001	0	-2	6.72043
0.001	0	-2	6.72043
0.001	0	-2	6.72043
0.001	0	-2	6.72043
0.001	0	-2	6.72043
0.001	0	-2	6.72043
0.001	0	-2	6.72043
0.001	0	-2	6.72043
0.001	0	-2	6.72043
0.001	0	-2	6.72043
0.001	0	-2	6.72043
0.001	0	-2	6.72043
0.001	0	-2	6.72043
0.001	0	-2	6.72043
0.001	0	-2	6.72043
0.001	0	-2	6.72043
0.001	0	-2	6.72043
0.001	0	-2	6.72043
0.001	0	-2	6.72043
0.001	0	-2	6.72043
0.001	0	-2	6.72043
0.001	0	-2	6.72043
0.001	0	-2	6.72043
0.001	0	-2	6.72043
0.001	0	-2	6.72043
0.001	0	-2	6.72043
0.001	0	-2	6.72043
0.001	0	-2	6.72043
0.001	0	-2	6.72043
0.001	0	-2	6.72043
0.001	0	-2	6.72043
0.001	0	-2	6.72043
0.001	0	-2	6.72043
0.001	0	-2	6.72043
0.001	0	-2	6.72043
0.001	0	-2	6.72043
0.001	0	-2	6.72043
0.001	0	-2	6.72043
0.001	0	-2	6.72043
0.001	0	-2	6.72043
0.001	0	-2	6.72043
0.001	0	-2	6.72043
0.001	0	-2	6.72043
0.001	0	-2	6.72043
0.001	0	-2	6.72043
0.001	0	-2	6.72043
0.001	0	-2	6.72043
0.001	0	-2	6.72043
0.001	0	-2	6.72043
0.001	0	-2	6.72043
0.001	0	-2	6.72043
0.001	0	-2	6.72043
0.001	0	-2	6.72043
0.001	0	-2	6.72043
0.001	0	-2	6.72043
0.001	0	-2	6.72043
0.001	0	-2	6.72043
0.001	0	-2	6.72043
0.001	0	-2	6.72043
0.001	0	-2	6.72043
0.001	0	-2	6.72043
0.001	0	-2	6.72043
0.001	0	-2	6.72043
0.001	0	-2	6.72043
0.001	0	-2	6.72043
0.001	0	-2	6.72043
0.001	0	-2	6.72043
0.001	0	-2	6.72043
0.001	0	-2	6.72043
0.001	0	-2	6.72043
0.001	0	-2	6.72043
0.001	0	-2	6.72043
0.001	0	-2	6.72043
0.001	0	-2	6.72043
0.001	0	-2	6.72043
0.001	0	-2	6.72043
0.001	0	-2	6.72043
0.001	0	-2	6.72043
0.001	0	-2	6.72043
0.001	0	-2	6.72043
0.001	0	-2	6.72043
0.001	0	-2	6.72043
0.001	0	-2	6.72043
0.001	0	-2	6.72043
0.001	0	-2	6.72043
0.001	0	-2	6.72043
0.001	0	-2	6.72043
0.001	0	-2	6.72043
0.001	0	-2	6.72043
0.001	0	-2	6.72043
0.001	0	-2	6.72043
0.001	0	-2	6.72043
0.001	0	-2	6.72043
0.001	0	-2	6.72043
0.001	0	-2	6.72043
0.001	0	-2	6.72043
0.001	0	-2	6.72043
0.001	0	-2	6.72043
0.001	0	-2	6.72043
0.001	0	-2	6.72043
0.001	0	-2	6.72043
0.001	0	-2	6.72043
0.001	0	-2	6.72043
0.001	0	-2	6.72043
0.001	0	-2	6.72043
0.001	0	-2	6.72043
0.001	0	-2	6.72043
0.001	0	-2	6.72043
0.001	0	-2	6.72043
0.001	0	-2	6.72043
0.001	0	-2	6.72043
0.001	0	-2	6.72043
0.001	0	-2	6.72043
0.001	0	-2	6.72043
0.001	0	-2	6.72043
0.001	0	-2	6.72043
0.001	0	-2	6.72043
0.001	0	-2	6.72043
0.001	0	-2	6.72043
0.001	0	-2	6.72043
0.001	0	-2	6.72043
0.001	0	-2	6.72043
0.001	0	-2	6.72043
0.001	0	-2	6.72043
0.001	0	-2	6.72043
0.001	0	-2	6.72043
0.001	0	-2	6.72043
0.001	0	-2	6.72043
0.001	0	-2	6.72043
0.001	0	-2	6.72043
0.001	0	-2	6.72043
0.001	0	-2	6.72043
0.001	0	-2	6.72043
0.001	0	-2	6.72043
0.001	0	-2	6.72043
0.001	0	-2	6.72043
0.001	0	-2	6.72043
0.001	0	-2	6.72043
0.001	0	-2	6.72043
0.001	0	-2	6.72043
0.001	0	-2	6.72043
0.001	0	-2	6.72043
0.001	0	-2	6.72043
0.001	0	-2	6.72043
0.001	0	-2	6.72043
0.001	0	-2	6.72043
0.001	0	-2	6.72043
0.001	0	-2	6.72043
0.001	0	-2	6.72043
0.001	0	-2	6.72043
0.001	0	-2	6.72043
0.001	0	-2	6.72043
0.001	0	-2	6.72043
0.001	0	-2	6.72043
0.001	0	-2	6.72043
0.001	0	-2	6.72043
0.001	0	-2	6.72043
0.001	0	-2	6.72043
