0.000000
0.000000
0.000000
0.000000
0.000000
0.000000
0.000000
0.000000
0.000000
0.000000
0.000000
0.000000
0.000000
0.000000
0.000000
0.000000
0.000000
0.000000
0.000000
0.000000
0.000000
0.000000
0.000000
0.000000
0.000000
0.000000
0.000000
0.000000
0.000000
0.000000
0.000000
0.000000
0.000000
0.000000
0.000000
0.000000
0.000000
0.000000
0.000000
0.000000
0.000000
0.000000
0.000000
0.000000
0.000000
0.000000
0.000000
0.000000
0.000000
0.000000
0.000000
0.000000
0.000000
0.000000
0.000000
0.000000
0.000000
0.000000
0.000000
0.000000
0.000000
0.000000
0.000000
0.000000
0.000000
0.000000
0.000000
0.000000
0.000000
0.000000
0.000000
0.000000
0.000000
0.000000
0.000000
0.000000
0.000000
0.000000
0.000000
0.000000
0.000000
0.000000
0.000000
0.000000
0.000000
0.000000
0.000000
0.000000
0.000000
0.000000
0.000000
0.000000
0.000000
0.000000
0.000000
0.000000
0.000000
0.000000
0.000000
0.000000
0.000000
0.000000
0.000000
0.000000
0.000000
0.000000
0.000000
0.000000
0.000000
0.000000
0.000000
0.000000
0.000000
0.000000
0.000000
0.000000
0.000000
0.000000
0.000000
0.000000
0.000000
0.000000
0.000000
0.000000
0.000000
0.000000
0.000000
0.000000
0.000000
0.000000
0.000000
0.000000
0.000000
0.000000
0.000000
0.000000
0.000000
0.000000
0.000000
0.000000
0.000000
0.000000
0.000000
0.000000
0.000000
0.000000
0.000000
0.000000
0.000000
0.000000
0.000000
0.000000
0.000000
0.000000
0.000000
0.000000
0.000000
0.000000
0.000000
0.000000
0.000000
0.000000
0.000000
0.000000
0.000000
0.000000
0.000000
0.000000
0.000000
0.000000
0.000000
0.000000
0.000000
0.000000
0.000000
0.000000
0.000000
0.000000
0.000000
0.000000
0.000000
0.000000
0.000000
0.000000
0.000000
0.000000
0.000000
0.000000
0.000000
0.000000
0.000000
0.000000
0.000000
0.000000
0.000000
0.000000
0.000000
0.000000
0.000000
0.000000
0.000000
0.000000
0.000000
0.000000
0.000000
0.000000
0.000000
0.000000
0.000000
0.000000
0.000000
0.000000
0.000000
0.000000
0.000000
0.000000
0.000000
0.000000
0.000000
0.000000
0.000000
0.000000
0.000000
0.000000
0.000000
0.000000
0.000000
0.000000
0.000000
0.000000
0.000000
0.000000
0.000000
0.000000
0.000000
0.000000
0.000000
0.000000
0.000000
0.000000
0.000000
0.000000
0.000000
0.000000
0.000000
0.000000
0.000000
0.000000
0.000000
0.000000
0.000000
0.000000
0.000000
0.000000
0.000000
0.000000
0.000000
0.000000
0.000000
0.000000
0.000000
0.000000
0.000000
0.000000
0.000000
0.000000
0.000000
0.000000
0.000000
0.000000
0.000000
0.000000
0.000000
0.000000
0.000000
0.000000
0.000000
0.000000
0.000000
0.000000
0.000000
0.000000
0.000000
0.000000
0.000000
0.000000
0.000000
0.000000
0.000000
0.000000
0.000000
0.000000
0.000000
0.000000
0.000000
0.000000
0.000000
0.000000
0.000000
0.000000
0.000000
0.000000
0.000000
0.000000
0.000000
0.000000
0.000000
0.000000
0.000000
0.000000
0.000000
0.000000
0.000000
0.000000
0.000000
0.000000
0.000000
0.000000
0.000000
0.000000
0.000000
0.000000
0.000000
0.000000
0.000000
0.000000
0.000000
0.000000
0.000000
0.000000
0.000000
0.000000
0.000000
0.000000
0.000000
0.000000
0.000000
0.000000
0.000000
0.000000
0.000000
0.000000
0.000000
0.000000
0.000000
0.000000
0.000000
0.000000
0.000000
0.000000
0.000000
0.000000
110.326142
105.730553
101.134963
96.539373
91.943784
87.348194
82.752604
78.157015
73.561425
68.965835
64.370246
59.774656
55.179066
50.583477
45.987887
41.392297
36.796707
32.201118
27.605528
23.009938
18.414349
13.818759
9.223169
4.627580
0.031990
-4.563600
-9.159189
-13.754779
-18.350369
-22.945958
-27.541548
-32.137138
-35.473980
-36.796828
-38.119676
-39.442523
-40.765371
-42.088218
-43.411066
-44.733914
-46.056761
-47.379609
-48.702457
-50.025304
-51.348152
-52.671000
-53.993847
-55.316695
-56.639542
-57.962390
-59.285238
-60.608085
-61.930933
-63.253781
-64.576628
-65.899476
-67.222323
-68.545171
-69.868019
-71.190866
-72.513714
-73.836562
-75.159409
-76.482257
-76.988116
-75.859998
-74.731880
-73.603762
-72.475644
-71.347526
-70.219408
-69.091290
-67.963172
-66.835054
-65.706936
-64.578818
-63.450700
-62.322582
-61.194464
-60.066346
-58.938228
-57.810110
-56.681992
-55.553874
-54.425756
-53.297638
-52.169520
-51.041402
-49.913284
-48.785166
-47.657048
-46.528930
-45.400812
-44.272694
-43.144576
-42.016458
-40.700165
-38.904882
-37.109599
-35.314316
-33.519032
-31.723749
-29.928466
-28.133183
-26.337900
-24.542616
-22.747333
-20.952050
-19.156767
-17.361484
-15.566200
-13.770917
-11.975634
-10.180351
-8.385068
-6.589784
-4.794501
-2.999218
-1.203935
0.591348
2.386632
4.181915
5.977198
7.772481
9.567764
11.363048
13.158331
14.953614
18.922204
30.135148
41.348093
52.561037
63.773982
74.986926
86.199871
97.412815
108.625760
119.838705
131.051649
142.264594
153.477538
164.690483
175.903427
187.116372
198.329316
209.542261
220.755206
231.968150
243.181095
254.394039
265.606984
276.819928
288.032873
299.245817
310.458762
321.671707
332.884651
344.097596
355.310540
366.523485
381.163359
411.469200
441.775041
472.080881
502.386722
532.692562
562.998403
593.304244
623.610084
653.915925
684.221766
714.527606
744.833447
775.139287
805.445128
835.750969
866.056809
896.362650
926.668490
956.974331
987.280172
1017.586012
1047.891853
1078.197693
1108.503534
1138.809375
1169.115215
1199.421056
1229.726897
1260.032737
1290.338578
1320.644418
1353.103450
1400.204178
1447.304906
1494.405633
1541.506361
1588.607089
1635.707817
1682.808545
1729.909273
1777.010001
1824.110729
1871.211457
1918.312185
1965.412913
2012.513641
2059.614369
2106.715097
2153.815825
2200.916552
2248.017280
2295.118008
2342.218736
2389.319464
2436.420192
2483.520920
2530.621648
2577.722376
2624.823104
2671.923832
2719.024560
2766.125288
2813.226016
2860.646374
2911.902301
2963.158228
3014.414155
3065.670082
3116.926009
3168.181936
3219.437863
3270.693790
3321.949717
3373.205644
3424.461571
3475.717498
3526.973425
3578.229352
3629.485279
3680.741207
3731.997134
3783.253061
3834.508988
3885.764915
3937.020842
3988.276769
4039.532696
4090.788623
4142.044550
4193.300477
4244.556404
4295.812331
4347.068258
4398.324185
4449.580112
4500.608941
4543.008045
4585.407150
4627.806254
4670.205359
4712.604463
4755.003568
4797.402673
4839.801777
4882.200882
4924.599986
4966.999091
5009.398195
5051.797300
5094.196404
5136.595509
5178.994613
5221.393718
5263.792822
5306.191927
5348.591031
5390.990136
5433.389241
5475.788345
5518.187450
5560.586554
5602.985659
5645.384763
5687.783868
5730.182972
5772.582077
5814.981181
5857.380286
5887.816479
5917.937858
5948.059237
5978.180617
6008.301996
6038.423375
6068.544755
6098.666134
6128.787513
6158.908892
6189.030272
6219.151651
6249.273030
6279.394410
6309.515789
6339.637168
6369.758548
6399.879927
6430.001306
6460.122685
6490.244065
6520.365444
6550.486823
6580.608203
6610.729582
6640.850961
6670.972341
6701.093720
6731.215099
6761.336479
6791.457858
6821.579237
6844.244802
6866.289049
6888.333296
6910.377543
6932.421790
6954.466037
6976.510284
6998.554531
7020.598778
7042.643025
7064.687272
7086.731518
7108.775765
7130.820012
7152.864259
7174.908506
7196.952753
7218.997000
7241.041247
7263.085494
7285.129741
7307.173988
7329.218235
7351.262482
7373.306729
7395.350976
7417.395223
7439.439470
7461.483717
7483.527964
7505.572211
7527.616458
7544.512488
7560.651429
7576.790369
7592.929309
7609.068249
7625.207189
7641.346130
7657.485070
7673.624010
7689.762950
7705.901890
7722.040831
7738.179771
7754.318711
7770.457651
7786.596591
7802.735532
7818.874472
7835.013412
7851.152352
7867.291292
7883.430233
7899.569173
7915.708113
7931.847053
7947.985993
7964.124934
7980.263874
7996.402814
8012.541754
8028.680694
8044.819635
8056.911931
8068.119023
8079.326116
8090.533208
8101.740301
8112.947393
8124.154486
8135.361578
8146.568671
8157.775764
8168.982856
8180.189949
8191.397041
8202.604134
8213.811226
8225.018319
8236.225412
8247.432504
8258.639597
8269.846689
8281.053782
8292.260874
8303.467967
8314.675060
8325.882152
8337.089245
8348.296337
8359.503430
8370.710522
8381.917615
8393.124707
8404.331800
8413.852275
8422.866764
8431.881254
8440.895744
8449.910233
8458.924723
8467.939212
8476.953702
8485.968191
8494.982681
8503.997170
8513.011660
8522.026150
8531.040639
8540.055129
8549.069618
8558.084108
8567.098597
8576.113087
8585.127576
8594.142066
8603.156556
8612.171045
8621.185535
8630.200024
8639.214514
8648.229003
8657.243493
8666.257982
8675.272472
8684.286962
8693.301451
8700.660968
8707.370318
8714.079668
8720.789017
8727.498367
8734.207716
8740.917066
8747.626416
8754.335765
8761.045115
8767.754464
8774.463814
8781.173163
8787.882513
8794.591863
8801.301212
8808.010562
8814.719911
8821.429261
8828.138611
8834.847960
8841.557310
8848.266659
8854.976009
8861.685359
8868.394708
8875.104058
8881.813407
8888.522757
8895.232107
8901.941456
8908.650806
8913.002131
8916.174443
8919.346756
8922.519069
8925.691382
8928.863694
8932.036007
8935.208320
8938.380632
8941.552945
8944.725258
8947.897570
8951.069883
8954.242196
8957.414509
8960.586821
8963.759134
8966.931447
8970.103759
8973.276072
8976.448385
8979.620697
8982.793010
8985.965323
8989.137636
8992.309948
8995.482261
8998.654574
9001.826886
9004.999199
9008.171512
9011.343824
9013.395993
9014.748071
9016.100150
9017.452228
9018.804306
9020.156385
9021.508463
9022.860542
9024.212620
9025.564698
9026.916777
9028.268855
9029.620933
9030.973012
9032.325090
9033.677169
9035.029247
9036.381325
9037.733404
9039.085482
9040.437560
9041.789639
9043.141717
9044.493796
9045.845874
9047.197952
9048.550031
9049.902109
9051.254187
9052.606266
9053.958344
9055.310423
9055.369696
9054.429983
9053.490270
9052.550557
9051.610844
9050.671132
9049.731419
9048.791706
9047.851993
9046.912280
9045.972568
9045.032855
9044.093142
9043.153429
9042.213716
9041.274004
9040.334291
9039.394578
9038.454865
9037.515152
9036.575440
9035.635727
9034.696014
9033.756301
9032.816588
9031.876876
9030.937163
9029.997450
9029.057737
9028.118024
9027.178311
9026.238599
9022.191938
9015.193678
9008.195418
9001.197158
8994.198897
8987.200637
8980.202377
8973.204117
8966.205856
8959.207596
8952.209336
8945.211076
8938.212815
8931.214555
8924.216295
8917.218035
8910.219774
8903.221514
8896.223254
8889.224994
8882.226733
8875.228473
8868.230213
8861.231953
8854.233692
8847.235432
8840.237172
8833.238912
8826.240651
8819.242391
8812.244131
8805.245870
8794.695990
8780.002552
8765.309114
8750.615676
8735.922238
8721.228801
8706.535363
8691.841925
8677.148487
8662.455049
8647.761611
8633.068174
8618.374736
8603.681298
8588.987860
8574.294422
8559.600984
8544.907547
8530.214109
8515.520671
8500.827233
8486.133795
8471.440357
8456.746919
8442.053482
8427.360044
8412.666606
8397.973168
8383.279730
8368.586292
8353.892855
8339.199417
8321.602674
8299.832430
8278.062186
8256.291942
8234.521699
8212.751455
8190.981211
8169.210967
8147.440723
8125.670479
8103.900236
8082.129992
8060.359748
8038.589504
8016.819260
7995.049017
7973.278773
7951.508529
7929.738285
7907.968041
7886.197798
7864.427554
7842.657310
7820.887066
7799.116822
7777.346578
7755.576335
7733.806091
7712.035847
7690.265603
7668.495359
7646.725116
7622.993320
7595.758754
7568.524188
7541.289622
7514.055056
7486.820490
7459.585924
7432.351358
7405.116792
7377.882226
7350.647660
7323.413094
7296.178528
7268.943962
7241.709396
7214.474830
7187.240264
7160.005698
7132.771132
7105.536567
7078.302001
7051.067435
7023.832869
6996.598303
6969.363737
6942.129171
6914.894605
6887.660039
6860.425473
6833.190907
6805.956341
6778.721775
6750.354231
6719.437485
6688.520740
6657.603995
6626.687250
6595.770505
6564.853759
6533.937014
6503.020269
6472.103524
6441.186779
6410.270033
6379.353288
6348.436543
6317.519798
6286.603053
6255.686308
6224.769562
6193.852817
6162.936072
6132.019327
6101.102582
6070.185836
6039.269091
6008.352346
5977.435601
5946.518856
5915.602110
5884.685365
5853.768620
5822.851875
5791.935130
5760.146598
5725.829885
5691.513172
5657.196459
5622.879746
5588.563033
5554.246320
5519.929607
5485.612894
5451.296181
5416.979468
5382.662755
5348.346042
5314.029329
5279.712616
5245.395903
5211.079190
5176.762477
5142.445764
5108.129051
5073.812339
5039.495626
5005.178913
4970.862200
4936.545487
4902.228774
4867.912061
4833.595348
4799.278635
4764.961922
4730.645209
4696.328496
4661.795540
4626.424641
4591.053743
4555.682845
4520.311946
4484.941048
4449.570150
4414.199251
4378.828353
4343.457455
4308.086556
4272.715658
4237.344760
4201.973861
4166.602963
4131.232065
4095.861166
4060.490268
4025.119370
3989.748471
3954.377573
3919.006675
3883.635776
3848.264878
3812.893980
3777.523081
3742.152183
3706.781284
3671.410386
3636.039488
3600.668589
3565.297691
3530.465397
3498.595424
3466.725451
3434.855479
3402.985506
3371.115533
3339.245560
3307.375588
3275.505615
3243.635642
3211.765670
3179.895697
3148.025724
3116.155751
3084.285779
3052.415806
3020.545833
2988.675861
2956.805888
2924.935915
2893.065943
2861.195970
2829.325997
2797.456024
2765.586052
2733.716079
2701.846106
2669.976134
2638.106161
2606.236188
2574.366215
2542.496243
2511.060743
2483.426882
2455.793020
2428.159159
2400.525297
2372.891436
2345.257575
2317.623713
2289.989852
2262.355990
2234.722129
2207.088268
2179.454406
2151.820545
2124.186684
2096.552822
2068.918961
2041.285099
2013.651238
1986.017377
1958.383515
1930.749654
1903.115792
1875.481931
1847.848070
1820.214208
1792.580347
1764.946485
1737.312624
1709.678763
1682.044901
1654.411040
1627.025559
1604.235120
1581.444681
1558.654242
1535.863804
1513.073365
1490.282926
1467.492487
1444.702048
1421.911609
1399.121170
1376.330731
1353.540292
1330.749854
1307.959415
1285.168976
1262.378537
1239.588098
1216.797659
1194.007220
1171.216781
1148.426342
1125.635903
1102.845465
1080.055026
1057.264587
1034.474148
1011.683709
988.893270
966.102831
943.312392
920.521953
897.731515
883.341388
868.951261
854.561134
840.171007
825.780880
811.390754
797.000627
782.610500
768.220373
753.830246
739.440119
725.049993
710.659866
696.269739
681.879612
667.489485
653.099358
638.709232
624.319105
609.928978
595.538851
581.148724
566.758597
552.368471
537.978344
523.588217
509.198090
494.807963
480.417836
466.027710
451.637583
437.247456
429.395326
421.896600
414.397875
406.899150
399.400425
391.901700
384.402975
376.904250
369.405525
361.906800
354.408075
346.909350
339.410625
331.911899
324.413174
316.914449
309.415724
301.916999
294.418274
286.919549
279.420824
271.922099
264.423374
256.924649
249.425923
241.927198
234.428473
226.929748
219.431023
211.932298
204.433573
196.934848
191.859837
187.061822
182.263807
177.465792
172.667777
167.869762
163.071747
158.273732
153.475717
148.677703
143.879688
139.081673
134.283658
129.485643
124.687628
119.889613
115.091598
110.293583
105.495568
100.697553
95.899538
91.101523
86.303508
81.505493
76.707478
71.909463
67.111449
62.313434
57.515419
52.717404
47.919389
43.121374
40.374688
38.000972
35.627255
33.253539
30.879823
28.506106
26.132390
23.758673
21.384957
19.011240
16.637524
14.263807
11.890091
9.516375
7.142658
4.768942
2.395225
0.021509
-2.352208
-4.725924
-7.099641
-9.473357
-11.847073
-14.220790
-16.594506
-18.968223
-21.341939
-23.715656
-26.089372
-28.463089
-30.836805
-33.210522
-35.232541
-37.163800
-39.095058
-41.026317
-42.957576
-44.888835
-46.820093
-48.751352
-50.682611
-52.613869
-54.545128
-56.476387
-58.407646
-60.338904
-62.270163
-64.201422
-66.132681
-68.063939
-69.995198
-71.926457
-73.857716
-75.788974
-77.720233
-79.651492
-81.582751
-83.514009
-85.445268
-87.376527
-89.307786
-91.239044
-93.170303
-95.101562
-96.843203
-98.519458
-100.195713
-101.871968
-103.548224
-105.224479
-106.900734
-108.576989
-110.253245
-111.929500
-113.605755
-115.282010
-116.958266
-118.634521
-120.310776
-121.987031
-123.663287
-125.339542
-127.015797
-128.692052
-130.368308
-132.044563
-133.720818
-135.397073
-137.073329
-138.749584
-140.425839
-142.102094
-143.778350
-145.454605
-147.130860
-148.807115
-145.470633
-139.906266
-134.341900
-128.777534
-123.213167
-117.648801
-112.084435
-106.520069
-100.955702
-95.391336
-89.826970
-84.262603
-78.698237
-73.133871
-67.569504
-62.005138
-56.440772
-50.876405
-45.312039
-39.747673
-34.183307
-28.618940
-23.054574
-17.490208
-11.925841
-6.361475
-0.797109
4.767258
10.331624
15.895990
21.460356
27.024723
29.022188
29.022188
29.022188
29.022188
29.022188
29.022188
29.022188
29.022188
29.022188
29.022188
29.022188
29.022188
