0
0
0
0
0
0
0
0
0
0
0
0
0
0
0
0
0
0
0
0
0
0
0
0
0
0
0
0
0
0
0
0
0
0
0
0
0
0
0
0
0
0
0
0
0
0
0
0
0
0
0
0
0
0
0
0
0
0
0
0
0
0
0
0
0
0
0
0
0
0
0
0
0
0
0
0
0
0
0
0
0
0
0
0
0
0
0
0
0
0
0
0
0
0
0
0
0
0
0
0
0
0
0
0
0
0
0
0
0
0
0
0
0
0
0
0
0
0
0
0
0
0
0
0
0
0
0
0
0
0
0
0
0
0
0
0
0
0
0
0
0
0
0
0
0
0
0
0
0
0
0
0
0
0
0
0
0
0
0
0
0
0
0
0
0
0
0
0
0
0
0
0
0
0
0
0
0
0
0
0
0
0
0
0
0
0
0
0
0
0
0
0
0
0
0
0
0
0
0
0
0
0
0
0
0
0
0
0
0
0
0
0
0
0
0
0
0
0
0
0
0
0
0
0
0
0
0
0
0
0
0
0
0
0
0
0
0
0
0
0
0
0
0
0
0
0
0
0
0
0
0
0
0
0
0
0
0
0
0
0
0
0
0
0
0
0
0
0
0
0
0
0
0
0
0
0
0
0
0
0
0
0
0
0
0
0
0
0
0
0
0
0
0
0
0
0
0
0
0
0
0
0
0
0
0
0
0
0
0
0
0
0
0
0
0
0
0
0
0
0
0
0
0
0
0
0
0
0
0
0
0
0
0
0
0
0
0
0
0
0
0
0
0
0
0
0
0
0
0
0
0
0
0
45.9161392154344
44.5258875543511
43.1356358932678
41.7453842321845
40.3551325711012
38.9648809100179
37.5746292489346
36.1843775878512
34.7941259267679
33.4038742656846
32.0136226046013
30.623370943518
29.2331192824347
27.8428676213513
26.452615960268
25.0623642991847
23.6721126381014
22.2818609770181
20.8916093159348
19.5013576548515
18.1111059937681
16.7208543326848
15.3306026716015
13.9403510105182
12.5500993494349
11.1598476883516
9.76959602726825
8.37934436618494
6.98909270510162
5.5988410440183
4.20858938293499
2.81833772185167
1.82417608439376
1.46375848473578
1.1033408850778
0.742923285419816
0.382505685761836
0.0220880861038548
-0.338329513554126
-0.698747113212107
-1.05916471287009
-1.41958231252807
-1.77999991218605
-2.14041751184403
-2.50083511150201
-2.86125271115999
-3.22167031081797
-3.58208791047595
-3.94250551013393
-4.30292310979191
-4.6633407094499
-5.02375830910788
-5.38417590876586
-5.74459350842384
-6.10501110808182
-6.4654287077398
-6.82584630739778
-7.18626390705576
-7.54668150671374
-7.90709910637172
-8.2675167060297
-8.62793430568768
-8.98835190534566
-9.34876950500365
-9.50973490824212
-9.27179591864211
-9.03385692904209
-8.79591793944208
-8.55797894984207
-8.32003996024206
-8.08210097064205
-7.84416198104204
-7.60622299144202
-7.36828400184201
-7.130345012242
-6.89240602264199
-6.65446703304198
-6.41652804344197
-6.17858905384195
-5.94065006424194
-5.70271107464193
-5.46477208504192
-5.22683309544191
-4.9888941058419
-4.75095511624188
-4.51301612664187
-4.27507713704186
-4.03713814744185
-3.79919915784184
-3.56126016824183
-3.32332117864181
-3.0853821890418
-2.84744319944179
-2.60950420984178
-2.37156522024177
-2.13362623064175
-1.9685732909761
-1.98904847841577
-2.00952366585544
-2.02999885329511
-2.05047404073478
-2.07094922817445
-2.09142441561412
-2.11189960305379
-2.13237479049346
-2.15284997793313
-2.1733251653728
-2.19380035281247
-2.21427554025214
-2.23475072769181
-2.25522591513148
-2.27570110257115
-2.29617629001083
-2.3166514774505
-2.33712666489017
-2.35760185232984
-2.37807703976951
-2.39855222720918
-2.41902741464885
-2.43950260208852
-2.45997778952819
-2.48045297696786
-2.50092816440753
-2.5214033518472
-2.54187853928687
-2.56235372672654
-2.58282891416621
-2.60330410160588
-2.10044303040874
0.146872236240915
2.39418750289057
4.64150276954023
6.88881803618989
9.13613330283954
11.3834485694892
13.6307638361389
15.8780791027885
18.1253943694382
20.3727096360878
22.6200249027375
24.8673401693871
27.1146554360368
29.3619707026865
31.6092859693361
33.8566012359858
36.1039165026354
38.351231769285
40.5985470359346
42.8458623025843
45.0931775692339
47.3404928358836
49.5878081025332
51.8351233691829
54.0824386358326
56.3297539024822
58.5770691691319
60.8243844357815
63.0716997024312
65.3190149690808
67.5663302357305
70.6160182942193
77.3336962582516
84.0513742222838
90.7690521863161
97.4867301503484
104.204408114381
110.922086078413
117.639764042445
124.357442006477
131.07511997051
137.792797934542
144.510475898574
151.228153862606
157.945831826639
164.663509790671
171.381187754703
178.098865718736
184.816543682768
191.5342216468
198.251899610832
204.969577574865
211.687255538897
218.404933502929
225.122611466961
231.840289430994
238.557967395026
245.275645359058
251.99332332309
258.711001287123
265.428679251155
272.146357215187
278.86403517922
286.424774110304
299.71832761733
313.011881124357
326.305434631383
339.598988138409
352.892541645435
366.186095152461
379.479648659487
392.773202166514
406.06675567354
419.360309180566
432.653862687592
445.947416194618
459.240969701644
472.53452320867
485.828076715697
499.121630222723
512.415183729749
525.708737236775
539.002290743801
552.295844250827
565.589397757853
578.88295126488
592.176504771906
605.470058278932
618.763611785958
632.057165292984
645.35071880001
658.644272307037
671.937825814063
685.231379321089
698.524932828115
712.500444081188
734.659448286784
756.818452492379
778.977456697975
801.136460903571
823.295465109167
845.454469314762
867.613473520358
889.772477725954
911.931481931549
934.090486137145
956.249490342741
978.408494548336
1000.56749875393
1022.72650295953
1044.88550716512
1067.04451137072
1089.20351557631
1111.36251978191
1133.52152398751
1155.6805281931
1177.8395323987
1199.99853660429
1222.15754080989
1244.31654501548
1266.47554922108
1288.63455342668
1310.79355763227
1332.95256183787
1355.11156604346
1377.27057024906
1399.42957445465
1421.74251840244
1449.90517255322
1478.067826704
1506.23048085479
1534.39313500557
1562.55578915636
1590.71844330714
1618.88109745792
1647.04375160871
1675.20640575949
1703.36905991027
1731.53171406106
1759.69436821184
1787.85702236263
1816.01967651341
1844.18233066419
1872.34498481498
1900.50763896576
1928.67029311655
1956.83294726733
1984.99560141811
2013.1582555689
2041.32090971968
2069.48356387046
2097.64621802125
2125.80887217203
2153.97152632282
2182.1341804736
2210.29683462438
2238.45948877517
2266.62214292595
2294.78479707673
2322.94745122752
2349.35016831882
2375.70657127698
2402.06297423514
2428.4193771933
2454.77578015146
2481.13218310962
2507.48858606777
2533.84498902593
2560.20139198409
2586.55779494225
2612.91419790041
2639.27060085857
2665.62700381673
2691.98340677489
2718.33980973305
2744.6962126912
2771.05261564936
2797.40901860752
2823.76542156568
2850.12182452384
2876.478227482
2902.83463044016
2929.19103339832
2955.54743635648
2981.90383931463
3008.26024227279
3034.61664523095
3060.97304818911
3087.32945114727
3113.68585410543
3140.04225706359
3166.39866002175
3186.59199207923
3206.271734895
3225.95147771077
3245.63122052654
3265.31096334231
3284.99070615808
3304.67044897385
3324.35019178961
3344.02993460538
3363.70967742115
3383.38942023692
3403.06916305269
3422.74890586846
3442.42864868423
3462.1083915
3481.78813431576
3501.46787713153
3521.1476199473
3540.82736276307
3560.50710557884
3580.18684839461
3599.86659121038
3619.54633402614
3639.22607684191
3658.90581965768
3678.58556247345
3698.26530528922
3717.94504810499
3737.62479092076
3757.30453373652
3776.98427655229
3796.66401936806
3810.57167868442
3823.63050219204
3836.68932569966
3849.74814920728
3862.8069727149
3875.86579622252
3888.92461973014
3901.98344323776
3915.04226674539
3928.10109025301
3941.15991376063
3954.21873726825
3967.27756077587
3980.33638428349
3993.39520779111
4006.45403129874
4019.51285480636
4032.57167831398
4045.6305018216
4058.68932532922
4071.74814883684
4084.80697234446
4097.86579585208
4110.92461935971
4123.98344286733
4137.04226637495
4150.10108988257
4163.15991339019
4176.21873689781
4189.27756040543
4202.33638391305
4215.39520742068
4221.9392209279
4227.05811974754
4232.17701856718
4237.29591738683
4242.41481620647
4247.53371502611
4252.65261384575
4257.77151266539
4262.89041148504
4268.00931030468
4273.12820912432
4278.24710794396
4283.3660067636
4288.48490558325
4293.60380440289
4298.72270322253
4303.84160204217
4308.96050086181
4314.07939968146
4319.1982985011
4324.31719732074
4329.43609614038
4334.55499496002
4339.67389377967
4344.79279259931
4349.91169141895
4355.03059023859
4360.14948905823
4365.26838787788
4370.38728669752
4375.50618551716
4380.6250843368
4376.7029298495
4370.06845937012
4363.43398889074
4356.79951841136
4350.16504793198
4343.5305774526
4336.89610697322
4330.26163649384
4323.62716601446
4316.99269553509
4310.35822505571
4303.72375457633
4297.08928409695
4290.45481361757
4283.82034313819
4277.18587265881
4270.55140217943
4263.91693170005
4257.28246122067
4250.64799074129
4244.01352026191
4237.37904978254
4230.74457930316
4224.11010882378
4217.4756383444
4210.84116786502
4204.20669738564
4197.57222690626
4190.93775642688
4184.3032859475
4177.66881546812
4171.03434498875
4156.48116484475
4138.81706304681
4121.15296124887
4103.48885945093
4085.82475765299
4068.16065585504
4050.4965540571
4032.83245225916
4015.16835046122
3997.50424866328
3979.84014686534
3962.1760450674
3944.51194326946
3926.84784147151
3909.18373967357
3891.51963787563
3873.85553607769
3856.19143427975
3838.52733248181
3820.86323068387
3803.19912888593
3785.53502708798
3767.87092529004
3750.2068234921
3732.54272169416
3714.87861989622
3697.21451809828
3679.55041630034
3661.88631450239
3644.22221270445
3626.55811090651
3608.89400910857
3588.27459433718
3566.17752307907
3544.08045182096
3521.98338056285
3499.88630930474
3477.78923804663
3455.69216678853
3433.59509553042
3411.49802427231
3389.4009530142
3367.30388175609
3345.20681049798
3323.10973923987
3301.01266798176
3278.91559672365
3256.81852546554
3234.72145420743
3212.62438294932
3190.52731169121
3168.4302404331
3146.33316917499
3124.23609791688
3102.13902665877
3080.04195540067
3057.94488414256
3035.84781288445
3013.75074162634
2991.65367036823
2969.55659911012
2947.45952785201
2925.3624565939
2903.26538533579
2881.83640119434
2860.82497150081
2839.81354180728
2818.80211211375
2797.79068242022
2776.77925272669
2755.76782303316
2734.75639333963
2713.7449636461
2692.73353395257
2671.72210425903
2650.7106745655
2629.69924487197
2608.68781517844
2587.67638548491
2566.66495579138
2545.65352609785
2524.64209640432
2503.63066671079
2482.61923701726
2461.60780732373
2440.59637763019
2419.58494793666
2398.57351824313
2377.5620885496
2356.55065885607
2335.53922916254
2314.52779946901
2293.51636977548
2272.50494008195
2251.49351038842
2230.48208069488
2211.12609019325
2193.04930270352
2174.97251521379
2156.89572772407
2138.81894023434
2120.74215274462
2102.66536525489
2084.58857776516
2066.51179027544
2048.43500278571
2030.35821529599
2012.28142780626
1994.20464031653
1976.12785282681
1958.05106533708
1939.97427784736
1921.89749035763
1903.82070286791
1885.74391537818
1867.66712788845
1849.59034039873
1831.513552909
1813.43676541928
1795.35997792955
1777.28319043982
1759.2064029501
1741.12961546037
1723.05282797065
1704.97604048092
1686.89925299119
1668.82246550147
1650.74567801174
1634.49558529306
1619.98085260685
1605.46611992065
1590.95138723445
1576.43665454825
1561.92192186205
1547.40718917584
1532.89245648964
1518.37772380344
1503.86299111724
1489.34825843104
1474.83352574483
1460.31879305863
1445.80406037243
1431.28932768623
1416.77459500002
1402.25986231382
1387.74512962762
1373.23039694142
1358.71566425522
1344.20093156901
1329.68619888281
1315.17146619661
1300.65673351041
1286.14200082421
1271.627268138
1257.1125354518
1242.5978027656
1228.0830700794
1213.56833739319
1199.05360470699
1184.53887202079
1171.43154609325
1159.96619471748
1148.50084334171
1137.03549196594
1125.57014059017
1114.1047892144
1102.63943783863
1091.17408646286
1079.70873508709
1068.24338371132
1056.77803233555
1045.31268095978
1033.84732958401
1022.38197820824
1010.91662683247
999.451275456699
987.985924080929
976.520572705159
965.055221329388
953.589869953618
942.124518577848
930.659167202078
919.193815826308
907.728464450538
896.263113074767
884.797761698997
873.332410323227
861.867058947457
850.401707571687
838.936356195917
827.471004820146
816.005653444376
805.37271712566
795.936377451456
786.500037777252
777.063698103047
767.627358428843
758.19101875464
748.754679080435
739.318339406232
729.881999732029
720.445660057825
711.009320383622
701.572980709419
692.136641035215
682.700301361012
673.263961686809
663.827622012606
654.391282338402
644.954942664199
635.518602989996
626.082263315792
616.645923641589
607.209583967386
597.773244293183
588.336904618979
578.900564944776
569.464225270573
560.02788559637
550.591545922166
541.155206247963
531.71886657376
522.282526899556
512.846187225353
504.348458302734
497.52682000796
490.705181713186
483.883543418412
477.061905123638
470.240266828864
463.41862853409
456.596990239316
449.775351944543
442.953713649769
436.132075354995
429.310437060221
422.488798765447
415.667160470673
408.845522175899
402.023883881125
395.202245586351
388.380607291577
381.558968996803
374.73733070203
367.915692407256
361.094054112482
354.272415817708
347.450777522934
340.62913922816
333.807500933386
326.985862638612
320.164224343838
313.342586049064
306.52094775429
299.699309459517
292.877671164743
287.004764535618
283.266504154261
279.528243772905
275.789983391548
272.051723010191
268.313462628835
264.575202247478
260.836941866122
257.098681484765
253.360421103408
249.622160722052
245.883900340695
242.145639959339
238.407379577982
234.669119196625
230.930858815269
227.192598433912
223.454338052555
219.716077671199
215.977817289842
212.239556908486
208.501296527129
204.763036145772
201.024775764416
197.286515383059
193.548255001702
189.809994620346
186.071734238989
182.333473857633
178.595213476276
174.856953094919
171.118692713563
167.755670254909
165.480837772149
163.206005289388
160.931172806627
158.656340323866
156.381507841106
154.106675358345
151.831842875584
149.557010392823
147.282177910063
145.007345427302
142.732512944541
140.45768046178
138.18284797902
135.908015496259
133.633183013498
131.358350530737
129.083518047976
126.808685565216
124.533853082455
122.259020599694
119.984188116933
117.709355634173
115.434523151412
113.159690668651
110.88485818589
108.61002570313
106.335193220369
104.060360737608
101.785528254847
99.5106957720867
97.2358632893259
95.0246027210562
93.0596833214585
91.0947639218608
89.1298445222631
87.1649251226654
85.2000057230677
83.23508632347
81.2701669238723
79.3052475242745
77.3403281246768
75.3754087250791
73.4104893254814
71.4455699258837
69.480650526286
67.5157311266883
65.5508117270905
63.5858923274928
61.6209729278951
59.6560535282974
57.6911341286997
55.726214729102
53.7612953295043
51.7963759299066
49.8314565303088
47.8665371307111
45.9016177311134
43.9366983315157
41.971778931918
40.0068595323203
38.0419401327226
36.0770207331249
34.1121013335271
32.3031970489722
31.3523758972606
30.4015547455489
29.4507335938373
28.4999124421256
27.549091290414
26.5982701387023
25.6474489869907
24.696627835279
23.7458066835674
22.7949855318558
21.8441643801441
20.8933432284325
19.9425220767208
18.9917009250092
18.0408797732975
17.0900586215859
16.1392374698742
15.1884163181626
14.237595166451
13.2867740147393
12.3359528630277
11.385131711316
10.4343105596044
9.48348940789273
8.53266825618109
7.58184710446944
6.6310259527578
5.68020480104615
4.72938364933451
3.77856249762286
2.82774134591122
1.97822448479612
2.01512016659155
2.05201584838699
2.08891153018243
2.12580721197787
2.16270289377331
2.19959857556875
2.23649425736419
2.27338993915963
2.31028562095506
2.3471813027505
2.38407698454594
2.42097266634138
2.45786834813682
2.49476402993226
2.5316597117277
2.56855539352314
2.60545107531857
2.64234675711401
2.67924243890945
2.71613812070489
2.75303380250033
2.78992948429577
2.82682516609121
2.86372084788665
2.90061652968209
2.93751221147752
2.97440789327296
3.0113035750684
3.04819925686384
3.08509493865928
3.12199062045472
3.15323919410929
3.08001626710745
3.00679334010562
2.93357041310378
2.86034748610195
2.78712455910011
2.71390163209828
2.64067870509644
2.56745577809461
2.49423285109277
2.42100992409094
2.3477869970891
2.27456407008726
2.20134114308543
2.12811821608359
2.05489528908176
1.98167236207992
1.90844943507809
1.83522650807625
1.76200358107442
1.68878065407258
1.61555772707075
1.54233480006891
1.46911187306707
1.39588894606524
1.3226660190634
1.24944309206157
1.17622016505973
1.1029972380579
1.02977431105606
0.956551384054226
0.883328457052391
0.810105530050555
0.684927715220313
0.559749900388674
0.434572085557035
0.309394270725397
0.184216455893758
0.0590386410621194
-0.0661391737695192
-0.191316988601158
-0.316494803432796
-0.441672618264435
-0.566850433096074
-0.692028247927712
-0.817206062759351
-0.94238387759099
-1.06756169242263
-1.19273950725427
-1.31791732208591
-1.44309513691754
-1.56827295174918
-1.69345076658082
-1.81862858141246
-1.9438063962441
-2.06898421107574
-2.19416202590738
-2.31933984073901
-2.44451765557065
-2.56969547040229
-2.69487328523393
-2.82005110006557
-2.94522891489721
-3.07040672972885
-3.19558454456049
-3.54126311878306
-3.89886065298019
-4.25645818717732
-4.61405572137445
-4.97165325557158
-5.32925078976871
-5.68684832396583
-6.04444585816296
-6.40204339236009
-6.75964092655722
-7.11723846075435
-7.47483599495148
-7.83243352914861
-8.19003106334574
-8.54762859754286
-8.90522613173999
-9.26282366593712
-9.62042120013425
-9.97801873433138
-10.3356162685285
-10.6932138027256
-11.0508113369228
-11.4084088711199
-11.766006405317
-12.1236039395142
-12.4812014737113
-12.8387990079084
-13.1963965421055
-13.5539940763027
-13.9115916104998
-14.2691891446969
-14.6267866788941
-16.3817082875714
-18.2963240762482
-20.210939864925
-22.1255556536018
-24.0401714422786
-25.9547872309554
-27.8694030196322
-29.784018808309
-31.6986345969858
-33.6132503856626
-35.5278661743394
-37.4424819630162
-39.357097751693
-41.2717135403698
-43.1863293290466
-45.1009451177234
-47.0155609064002
-48.930176695077
-50.8447924837538
-52.7594082724306
-54.6740240611074
-56.5886398497842
-58.503255638461
-60.4178714271378
-62.3324872158146
-64.2471030044914
-66.1617187931682
-68.076334581845
-69.9909503705218
-71.9055661591986
-73.8201819478754
-75.7347977365522
-77.3654999599342
-78.9445815350658
-80.5236631101974
-82.1027446853291
-83.6818262604607
-85.2609078355923
-86.839989410724
-88.4190709858556
-89.9981525609873
-91.5772341361189
-93.1563157112505
-94.7353972863822
-96.3144788615138
-97.8935604366454
-99.472642011777
-101.051723586909
-102.63080516204
-104.209886737172
-105.788968312304
-107.368049887435
-108.947131462567
-110.526213037698
-112.10529461283
-113.684376187962
-115.263457763093
-116.842539338225
-118.421620913357
-120.000702488488
-121.57978406362
-123.158865638752
-124.737947213883
-126.317028789015
-125.200457904682
-123.38823477257
-121.576011640458
-119.763788508346
-117.951565376235
-116.139342244123
-114.327119112011
-112.514895979899
-110.702672847788
-108.890449715676
-107.078226583564
-105.266003451452
-103.453780319341
-101.641557187229
-99.829334055117
-98.0171109230052
-96.2048877908935
-94.3926646587817
-92.5804415266699
-90.7682183945582
-88.9559952624464
-87.1437721303346
-85.3315489982229
-83.5193258661111
-81.7071027339993
-79.8948796018876
-78.0826564697758
-76.2704333376641
-74.4582102055523
-72.6459870734405
-70.8337639413288
-69.021540809217
-67.05472511534
-65.0346016415315
-63.0144781677229
-60.9943546939144
-58.9742312201058
-56.9541077462973
-54.9339842724887
-52.9138607986802
-50.8937373248716
-48.8736138510631
-46.8534903772545
-44.833366903446
-42.8132434296374
-40.7931199558289
-38.7729964820203
-36.7528730082118
-34.7327495344032
-32.7126260605947
-30.6925025867861
-28.6723791129776
-26.652255639169
-24.6321321653605
-22.612008691552
-20.5918852177434
-18.5717617439349
-16.5516382701263
-14.5315147963178
-12.5113913225092
-10.4912678487007
-8.47114437489212
-6.45102090108358
-4.43089742727503
-4.02279575049009
-4.3311482058772
-4.6395006612643
-4.9478531166514
-5.2562055720385
-5.5645580274256
-5.87291048281271
-6.18126293819981
-6.48961539358691
-6.79796784897401
-7.10632030436112
-7.41467275974822
-7.72302521513532
-8.03137767052242
-8.33973012590953
-8.64808258129663
-8.95643503668373
-9.26478749207083
-9.57313994745793
-9.88149240284504
-10.1898448582321
-10.4981973136192
-10.8065497690063
-11.1149022243934
-11.4232546797805
-11.7316071351677
-12.0399595905548
-12.3483120459419
-12.656664501329
-12.9650169567161
-13.2733694121032
-13.5817218674903
-13.692412492517
-13.692412492517
-13.692412492517
-13.692412492517
-13.692412492517
-13.692412492517
-13.692412492517
-13.692412492517
-13.692412492517
-13.692412492517
-13.692412492517
