49.092296
49.092296
49.092296
49.092296
49.092296
49.092296
49.092296
49.092296
49.092296
49.092296
49.092296
49.092296
49.092296
49.092296
49.092296
49.092296
49.092296
49.092296
49.092296
49.092296
49.092296
49.092296
49.092296
49.092296
49.092296
49.092296
49.092296
49.092296
49.092296
49.092296
49.092296
49.092296
49.092296
49.092296
49.092296
49.092296
49.092296
49.092296
49.092296
49.092296
49.092296
49.092296
49.092296
49.092296
49.092296
49.092296
49.092296
49.092296
49.092296
49.092296
49.092296
49.092296
49.092296
49.092296
49.092296
49.092296
49.092296
49.092296
49.092296
49.092296
49.092296
49.092296
49.092296
49.092296
49.092296
49.092296
49.092296
49.092296
49.092296
49.092296
49.092296
49.092296
49.092296
49.092296
49.092296
49.092296
49.092296
49.092296
49.092296
49.092296
49.092296
49.092296
49.092296
49.092296
49.092296
49.092296
49.092296
49.092296
49.092296
49.092296
49.092296
49.092296
49.092296
49.092296
49.092296
49.092296
49.092296
49.092296
49.092296
49.092296
49.092296
49.092296
49.092296
49.092296
49.092296
49.092296
49.092296
49.092296
49.092296
49.092296
49.092296
49.092296
49.092296
49.092296
49.092296
49.092296
49.092296
49.092296
49.092296
49.092296
49.092296
49.092296
49.092296
49.092296
49.092296
49.092296
49.092296
49.092296
49.092296
49.092296
49.092296
49.092296
49.092296
49.092296
49.092296
49.092296
49.092296
49.092296
49.092296
49.092296
49.092296
49.092296
49.092296
49.092296
49.092296
49.092296
49.092296
49.092296
49.092296
49.092296
49.092296
49.092296
49.092296
49.092296
49.092296
49.092296
49.092296
49.092296
49.092296
49.092296
49.092296
49.092296
49.092296
49.092296
49.092296
49.092296
49.092296
49.092296
49.092296
49.092296
49.092296
49.092296
49.092296
49.092296
49.092296
49.092296
49.092296
49.092296
49.092296
49.092296
49.092296
49.092296
49.092296
49.092296
49.092296
49.092296
49.092296
49.092296
49.092296
49.092296
49.092296
49.092296
49.092296
49.092296
49.092296
49.092296
49.092296
49.092296
49.092296
49.092296
49.092296
49.092296
49.092296
49.092296
49.092296
49.092296
49.092296
49.092296
49.092296
49.092296
49.092296
49.092296
49.092296
49.092296
49.092296
49.092296
49.092296
49.092296
49.092296
49.092296
49.092296
49.092296
49.092296
49.092296
49.092296
49.092296
49.092296
49.092296
49.092296
49.092296
49.092296
49.092296
49.092296
49.092296
49.092296
49.092296
49.092296
49.092296
49.092296
49.092296
49.092296
49.092296
49.092296
49.092296
49.092296
49.092296
49.092296
49.092296
49.092296
49.092296
49.092296
49.092296
49.092296
49.092296
49.092296
49.092296
49.092296
49.092296
49.092296
49.092296
49.092296
49.092296
49.092296
49.092296
49.092296
49.092296
49.092296
49.092296
49.092296
49.092296
49.092296
49.092296
49.092296
49.092296
49.092296
49.092296
49.092296
49.092296
49.092296
49.092296
49.092296
49.092296
49.092296
49.092296
49.092296
49.092296
49.092296
49.092296
49.092296
49.092296
49.092296
49.092296
49.092296
49.092296
49.092296
49.092296
49.092296
49.092296
49.092296
49.092296
49.092296
49.092296
49.092296
49.092296
49.092296
49.092296
49.092296
49.092296
49.092296
49.092296
49.092296
49.092296
49.092296
49.092296
49.092296
49.092296
49.092296
49.092296
49.092296
49.092296
49.092296
49.092296
49.092296
49.092296
49.092296
49.092296
49.092296
49.092296
49.092296
49.092296
49.092296
49.092296
49.092296
49.092296
49.092296
49.092296
49.092296
49.092296
49.092296
49.092296
49.092296
49.092296
49.092296
49.092296
49.092296
49.092296
49.092296
49.092296
49.092296
49.092296
49.092296
49.092296
49.092296
49.092296
49.092296
49.092296
49.092296
49.092296
49.092296
49.092296
49.092296
49.092296
49.092296
49.092296
49.092296
49.092296
49.092296
49.092296
49.092296
49.092296
49.092296
49.092296
49.092296
49.092296
49.092296
49.092296
49.092296
49.092296
49.092296
49.092296
49.092296
49.092296
49.092296
49.092296
49.092296
49.092296
49.092296
49.092296
49.092296
49.092296
49.092296
49.092296
49.092296
49.092296
49.092296
49.092296
49.092296
49.092296
49.092296
49.092296
49.092296
49.092296
49.092296
49.092296
49.092296
49.092296
49.092296
49.092296
49.092296
49.092296
49.092296
49.092296
49.092296
49.092296
49.092296
49.092296
49.092296
49.092296
49.092296
49.092296
49.092296
49.092296
49.092296
49.092296
49.092296
49.092296
49.092296
49.092296
49.092296
49.092296
49.092296
49.092296
49.092296
49.092296
49.092296
49.092296
49.092296
49.092296
49.092296
49.092296
49.092296
49.092296
49.092296
49.092296
49.092296
49.092296
49.092296
49.092296
49.092296
49.092296
49.092296
49.092296
49.092296
49.092296
49.092296
49.092296
49.092296
49.092296
49.092296
49.092296
49.092296
49.092296
49.092296
49.092296
49.092296
49.092296
49.092296
49.092296
49.092296
49.092296
49.092296
49.092296
49.092296
49.092296
49.092296
49.092296
49.092296
49.092296
49.092296
49.092296
49.092296
49.092296
49.092296
49.092296
49.092296
49.092296
49.092296
49.092296
49.092296
49.092296
49.092296
49.092296
49.092296
49.092296
49.092296
49.092296
49.092296
49.092296
49.092296
49.092296
49.092296
49.092296
49.092296
49.092296
49.092296
49.092296
49.092296
49.092296
49.092296
49.092296
49.092296
49.092296
49.092296
49.092296
49.092296
49.092296
49.092296
49.092296
49.092296
49.092296
49.092296
49.092296
49.092296
49.092296
49.092296
49.092296
49.092296
49.092296
49.092296
49.092296
49.092296
49.092296
49.092296
49.092296
49.092296
49.092296
49.092296
49.092296
49.092296
49.092296
49.092296
49.092296
49.092296
49.092296
49.092296
49.092296
49.092296
49.092296
49.092296
49.092296
49.092296
49.092296
49.092296
49.092296
49.092296
49.092296
49.092296
49.092296
49.092296
49.092296
49.092296
49.092296
49.092296
49.092296
49.092296
49.092296
49.092296
49.092296
49.092296
49.092296
49.092296
49.092296
49.092296
49.092296
49.092296
49.092296
49.092296
49.092296
49.092296
49.092296
49.092296
49.092296
49.092296
49.092296
49.092296
49.092296
49.092296
49.092296
49.092296
49.092296
49.092296
49.092296
49.092296
49.092296
49.092296
49.092296
49.092296
49.092296
49.092296
49.092296
49.092296
49.092296
49.092296
49.092296
49.092296
49.092296
49.092296
49.092296
49.092296
49.092296
49.092296
49.092296
49.092296
49.092296
49.092296
49.092296
49.092296
49.092296
49.092296
49.092296
49.092296
49.092296
49.092296
49.092296
49.092296
49.092296
49.092296
49.092296
49.092296
49.092296
49.092296
49.092296
49.092296
49.092296
49.092296
49.092296
49.092296
49.092296
49.092296
49.092296
49.092296
49.092296
49.092296
49.092296
49.092296
49.092296
49.092296
49.092296
49.092296
49.092296
49.092296
49.092296
49.092296
49.092296
49.092296
49.092296
49.092296
49.092296
49.092296
49.092296
49.092296
49.092296
49.092296
49.092296
49.092296
49.092296
49.092296
49.092296
49.092296
49.092296
49.092296
49.092296
49.092296
49.092296
49.092296
49.092296
49.092296
49.092296
49.092296
49.092296
49.092296
49.092296
49.092296
49.092296
49.092296
49.092296
49.092296
49.092296
49.092296
49.092296
49.092296
49.092296
49.092296
49.092296
49.092296
49.092296
49.092296
49.092296
49.092296
49.092296
49.092296
49.092296
49.092296
49.092296
49.092296
49.092296
49.092296
49.092296
49.092296
49.092296
49.092296
49.092296
49.092296
49.092296
49.092296
49.092296
49.092296
49.092296
49.092296
49.092296
49.092296
49.092296
49.092296
49.092296
49.092296
49.092296
49.092296
49.092296
49.092296
49.092296
49.092296
49.092296
49.092296
49.092296
49.092296
49.092296
49.092296
49.092296
49.092296
49.092296
49.092296
49.092296
49.092296
49.092296
49.092296
49.092296
49.092296
49.092296
49.092296
49.092296
49.092296
49.092296
49.092296
49.092296
49.092296
49.092296
49.092296
49.092296
49.092296
49.092296
49.092296
49.092296
49.092296
49.092296
49.092296
49.092296
49.092296
49.092296
49.092296
49.092296
49.092296
49.092296
49.092296
49.092296
49.092296
49.092296
49.092296
49.092296
49.092296
49.092296
49.092296
49.092296
49.092296
49.092296
49.092296
49.092296
49.092296
49.092296
49.092296
49.092296
49.092296
49.092296
49.092296
49.092296
49.092296
49.092296
49.092296
49.092296
49.092296
49.092296
49.092296
49.092296
49.092296
49.092296
49.092296
49.092296
49.092296
49.092296
49.092296
49.092296
49.092296
49.092296
49.092296
49.092296
49.092296
49.092296
49.092296
49.092296
49.092296
49.092296
49.092296
49.092296
49.092296
49.092296
49.092296
49.092296
49.092296
49.092296
49.092296
49.092296
49.092296
49.092296
49.092296
49.092296
49.092296
49.092296
49.092296
49.092296
49.092296
49.092296
49.092296
49.092296
49.092296
49.092296
49.092296
49.092296
49.092296
49.092296
49.092296
49.092296
49.092296
49.092296
49.092296
49.092296
49.092296
49.092296
49.092296
49.092296
49.092296
49.092296
49.092296
49.092296
49.092296
49.092296
49.092296
49.092296
49.092296
49.092296
49.092296
49.092296
49.092296
49.092296
49.092296
49.092296
49.092296
49.092296
49.092296
49.092296
49.092296
49.092296
49.092296
49.092296
49.092296
49.092296
49.092296
49.092296
49.092296
49.092296
49.092296
49.092296
49.092296
49.092296
49.092296
49.092296
49.092296
49.092296
49.092296
49.092296
49.092296
49.092296
49.092296
49.092296
49.092296
49.092296
49.092296
49.092296
49.092296
49.092296
49.092296
49.092296
49.092296
49.092296
49.092296
49.092296
49.092296
49.092296
49.092296
49.092296
49.092296
49.092296
49.092296
49.092296
49.092296
49.092296
49.092296
49.092296
49.092296
49.092296
49.092296
49.092296
49.092296
49.092296
49.092296
49.092296
49.092296
49.092296
49.092296
49.092296
49.092296
49.092296
49.092296
49.092296
49.092296
49.092296
49.092296
49.092296
49.092296
49.092296
49.092296
49.092296
49.092296
49.092296
49.092296
49.092296
49.092296
49.092296
49.092296
49.092296
49.092296
49.092296
49.092296
49.092296
49.092296
49.092296
49.092296
49.092296
49.092296
49.092296
49.092296
49.092296
49.092296
49.092296
49.092296
49.092296
49.092296
49.092296
49.092296
49.092296
49.092296
49.092296
49.092296
49.092296
49.092296
49.092296
49.092296
49.092296
49.092296
49.092296
49.092296
49.092296
49.092296
49.092296
49.092296
49.092296
49.092296
49.092296
49.092296
49.092296
49.092296
49.092296
39.301840
39.301840
39.301840
39.301840
39.301840
39.301840
39.301840
39.301840
39.301840
39.301840
39.301840
39.301840
39.301840
39.301840
39.301840
39.301840
39.301840
39.301840
39.301840
39.301840
39.301840
39.301840
39.301840
39.301840
39.301840
39.301840
39.301840
39.301840
39.301840
39.301840
39.301840
39.301840
39.301840
39.301840
39.301840
39.301840
39.301840
39.301840
39.301840
39.301840
39.301840
39.301840
39.301840
39.301840
39.301840
39.301840
39.301840
39.301840
39.301840
39.301840
39.301840
39.301840
39.301840
39.301840
39.301840
39.301840
39.301840
39.301840
39.301840
39.301840
38.409216
36.600404
34.849178
33.154609
31.515767
29.931722
28.401545
26.924307
25.499078
24.124928
22.800928
21.526149
20.299661
19.120534
17.987839
16.900647
15.858027
14.859051
13.902789
12.988311
12.114688
11.280991
10.486289
9.729654
9.010155
8.326864
7.678851
7.065186
6.484940
5.937183
5.420986
4.935419
4.479553
4.052458
3.653205
3.280864
2.934506
2.613201
2.316020
2.042033
1.790310
1.559923
1.349942
1.159437
0.987478
0.833136
0.695482
0.573587
0.466519
0.373351
0.293153
0.224994
0.167946
0.121079
0.083464
0.054171
0.032270
0.016832
0.006928
0.001628
0.000002
0.040946
0.169024
0.382824
0.680874
1.061707
1.523852
2.065839
2.686201
3.383466
4.156166
5.002831
5.921991
6.912178
7.971921
9.099751
10.294199
11.553795
12.877070
14.262554
15.708778
17.214273
18.777568
20.397194
22.071683
23.799564
25.579367
27.409625
29.288866
31.215622
33.188423
35.205799
37.266282
39.368401
41.510687
43.691671
45.909884
48.163855
50.452115
52.773195
55.125626
57.507937
59.918660
62.356325
64.819462
67.306602
69.816275
72.347013
74.897345
77.465802
80.050915
82.651214
85.265230
87.891493
90.528533
93.174882
95.829070
98.489627
101.155083
103.823970
106.494818
109.180310
111.984892
114.927763
118.006199
121.217481
124.558885
128.027691
131.621178
135.336623
139.171305
143.122503
147.187495
151.363560
155.647975
160.038020
164.530974
169.124113
173.814718
178.600066
183.477436
188.444107
193.497356
198.634463
203.852706
209.149363
214.521713
219.967034
225.482605
231.065704
236.713610
242.423602
248.192957
254.018954
259.898872
265.829989
271.809583
277.834934
283.903319
290.012018
296.158308
302.339468
308.552776
314.795512
321.064953
327.358378
333.673065
340.006293
346.355341
352.717487
359.090008
365.470185
371.855295
378.242617
384.629429
391.013010
397.390638
403.759592
410.117150
416.460591
422.787193
429.094234
435.427549
441.848728
448.355930
454.947024
461.619875
468.372351
475.202318
482.107643
489.086194
496.135836
503.254438
510.439865
517.689985
525.002664
532.375769
539.807168
547.294727
554.836312
562.429791
570.073031
577.763899
585.500260
593.279983
601.100934
608.960980
616.857988
624.789824
632.754356
640.749450
648.772973
656.822793
664.896775
672.992787
681.108696
689.242369
697.391671
705.554471
713.728636
721.912031
730.102523
738.297981
746.496270
754.695258
762.892811
771.086796
779.275079
787.455529
795.626012
803.784394
811.928542
820.056324
828.165606
836.254255
844.320138
852.361122
860.375073
868.359858
876.313345
884.233401
892.117891
899.967831
907.809700
915.650185
923.489582
931.328189
939.166305
947.004227
954.842255
962.680685
970.519815
978.359944
986.201371
994.044391
1001.889305
1009.736410
1017.586003
1025.438383
1033.293848
1041.152696
1049.015225
1056.881733
1064.752519
1072.627879
1080.508112
1088.393516
1096.284389
1104.181030
1112.083736
1119.992805
1127.908535
1135.831224
1143.761171
1151.698673
1159.644028
1167.597535
1175.559491
1183.530195
1191.509943
1199.499036
1207.497770
1215.506443
1223.525354
1231.554801
1239.595081
1247.646493
1255.709334
1263.783903
1271.870498
1279.969417
1288.080957
1296.205417
1304.343095
1312.494289
1320.659296
1328.838416
1337.031945
1345.240183
1353.463426
1361.701973
1369.956123
1378.226172
1386.503777
1394.776589
1403.045307
1411.310759
1419.573773
1427.835177
1436.095800
1444.356468
1452.618011
1460.881256
1469.147032
1477.416165
1485.689486
1493.967820
1502.251997
1510.542844
1518.841190
1527.147862
1535.463688
1543.789498
1552.126117
1560.474375
1568.835100
1577.209119
1585.597261
1594.000354
1602.419225
1610.854703
1619.307616
1627.778791
1636.269058
1644.779243
1653.310174
1661.862681
1670.437590
1679.035731
1687.657930
1696.305016
1704.977817
1713.677162
1722.403877
1731.158791
1739.942732
1748.756528
1757.601008
1766.476998
1775.385328
1784.326825
1793.302317
1802.312632
1811.358598
1820.441044
1829.560797
1838.718685
1847.915537
1857.152180
1866.429442
1875.748152
1885.109137
1894.513226
1903.962115
1913.465136
1923.023699
1932.636643
1942.302809
1952.021038
1961.790169
1971.609042
1981.476499
1991.391378
2001.352522
2011.358768
2021.408959
2031.501934
2041.636533
2051.811598
2062.025967
2072.278481
2082.567981
2092.893306
2103.253298
2113.646795
2124.072640
2134.529670
2145.016728
2155.532654
2166.076286
2176.646467
2187.242035
2197.861832
2208.504697
2219.169471
2229.854994
2240.560106
2251.283648
2262.024459
2272.781381
2283.553253
2294.338915
2305.137208
2315.946973
2326.767048
2337.596275
2348.433494
2359.277545
2370.127269
2380.981505
2391.839093
2402.698875
2413.559690
2424.420379
2435.279782
2446.136738
2456.990089
2467.838675
2478.681335
2489.516911
2500.344242
2511.162169
2521.969531
2532.765170
2543.566278
2554.402872
2565.274177
2576.178899
2587.115742
2598.083410
2609.080607
2620.106039
2631.158409
2642.236422
2653.338783
2664.464196
2675.611365
2686.778995
2697.965791
2709.170456
2720.391696
2731.628214
2742.878716
2754.141906
2765.416487
2776.701165
2787.994644
2799.295629
2810.602824
2821.914933
2833.230661
2844.548712
2855.867791
2867.186603
2878.503851
2889.818241
2901.128476
2912.433261
2923.731301
2935.021300
2946.301963
2957.571993
2968.830096
2980.074976
2991.305337
3002.519884
3013.717321
3024.896353
3036.055684
3047.194019
3058.310062
3069.402518
3080.470091
3091.511485
3102.525405
3113.510556
3124.465642
3135.389366
3146.280435
3157.137552
3167.959422
3178.744749
3189.492238
3200.200592
3210.870202
3221.521500
3232.160774
3242.787923
3253.402844
3264.005433
3274.595590
3285.173212
3295.738195
3306.290438
3316.829838
3327.356293
3337.869699
3348.369956
3358.856960
3369.330610
3379.790801
3390.237433
3400.670402
3411.089606
3421.494943
3431.886311
3442.263606
3452.626727
3462.975570
3473.310034
3483.630016
3493.935414
3504.226125
3514.502046
3524.763076
3535.009112
3545.240051
3555.455792
3565.656230
3575.841265
3586.010793
3596.164713
3606.302921
3616.425316
3626.531795
3636.622255
3646.696593
3656.754709
3666.796499
3676.821860
3686.830690
3696.822888
3706.798349
3716.756973
3726.698656
3736.623296
3746.530790
3756.421037
3766.293933
3776.149376
3785.987265
3795.807495
3805.609966
3815.394574
3825.161217
3834.914438
3844.662862
3854.406201
3864.143938
3873.875555
3883.600536
3893.318364
3903.028522
3912.730493
3922.423761
3932.107808
3941.782118
3951.446175
3961.099460
3970.741458
3980.371651
3989.989522
3999.594556
4009.186234
4018.764041
4028.327459
4037.875971
4047.409061
4056.926212
4066.426907
4075.910628
4085.376860
4094.825086
4104.254788
4113.665450
4123.056555
4132.427586
4141.778026
4151.107358
4160.415067
4169.700634
4178.963543
4188.203276
4197.419319
4206.611152
4215.778261
4224.920126
4234.036233
4243.126064
4252.189102
4261.224831
4270.232733
4279.212292
4288.162991
4297.084313
4305.975741
4314.836758
4323.666848
4332.465494
4341.232179
4349.966385
4358.667597
4367.335298
4375.968969
4384.568096
4393.133785
4401.690750
4410.246676
4418.800492
4427.351129
4435.897515
4444.438580
4452.973253
4461.500464
4470.019142
4478.528216
4487.026616
4495.513272
4503.987113
4512.447067
4520.892066
4529.321037
4537.732911
4546.126616
4554.501083
4562.855241
4571.188019
4579.498346
4587.785152
4596.047367
4604.283919
4612.493739
4620.675755
4628.828897
4636.952095
4645.044277
4653.104374
4661.131315
4669.124028
4677.081444
4685.002492
4692.886102
4700.731202
4708.536722
4716.301592
4724.024742
4731.705099
4739.341594
4746.933157
4754.478716
4761.977202
4769.427543
4776.828669
4784.179509
4791.478993
4798.726050
4805.919610
4813.058602
4820.141955
4827.168600
4834.137464
4841.047478
4847.897572
4854.686674
4861.413713
4868.077621
4874.693123
4881.293710
4887.879704
4894.450225
4901.004392
4907.541325
4914.060145
4920.559970
4927.039920
4933.499116
4939.936676
4946.351720
4952.743369
4959.110742
4965.452958
4971.769138
4978.058400
4984.319866
4990.552653
4996.755883
5002.928675
5009.070148
5015.179423
5021.255618
5027.297855
5033.305251
5039.276928
5045.212005
5051.109601
5056.968836
5062.788830
5068.568703
5074.307574
5080.004563
5085.658790
5091.269375
5096.835436
5102.356095
5107.830470
5113.257682
5118.636849
5123.967092
5129.247531
5134.477285
5139.655473
5144.781216
5149.853634
5154.871845
5159.834970
5164.742129
5169.592440
5174.385025
5179.119002
5183.793491
5188.407612
5192.960485
5197.451229
5201.878964
5206.242810
5210.541886
5214.778903
5219.023129
5223.299045
5227.603461
5231.933188
5236.285036
5240.655815
5245.042337
5249.441412
5253.849851
5258.264464
5262.682063
5267.099457
5271.513457
5275.920874
5280.318519
5284.703202
5289.071734
5293.420925
5297.747587
5302.048530
5306.320563
5310.560499
5314.765148
5318.931320
5323.055826
5327.135477
5331.167083
5335.147455
5339.073404
5342.941740
5346.749273
5350.492815
5354.169177
5357.775168
5361.307599
5364.763282
5368.139026
5371.431643
5374.637943
5377.754736
5380.778833
5383.707046
5386.536184
5389.263058
5391.884479
5394.397258
5396.798205
5399.084130
5401.251845
5403.298160
5405.219886
5407.013833
5408.676811
5410.205633
5411.597108
5412.848047
5413.955260
5414.915558
5415.725753
5416.382653
5416.925396
5417.456710
5417.981315
5418.499132
5419.010084
5419.514094
5420.011084
5420.500978
5420.983697
5421.459165
5421.927303
5422.388036
5422.841284
5423.286971
5423.725020
5424.155353
5424.577893
5424.992562
5425.399283
5425.797978
5426.188571
5426.570984
5426.945139
5427.310960
5427.668368
5428.017287
5428.357639
5428.689346
5429.012332
5429.326518
5429.631828
5429.928185
5430.215510
5430.493726
5430.762757
5431.022524
5431.272951
5431.513960
5431.745473
5431.967413
5432.179704
5432.382266
5432.575024
5432.757900
5432.930816
5433.093695
5433.246459
5433.389032
5433.521335
5433.643293
5433.754826
5433.855858
5433.946311
5434.026109
5434.095173
5434.153426
5434.200792
5434.237191
5434.262548
5434.276785
5434.274758
5434.127255
5433.781006
5433.240290
5432.509386
5431.592575
5430.494134
5429.218344
5427.769484
5426.151832
5424.369669
5422.427273
5420.328924
5418.078902
5415.681484
5413.140952
5410.461583
5407.647658
5404.703455
5401.633254
5398.441335
5395.131976
5391.709456
5388.178056
5384.542053
5380.805729
5376.973361
5373.049230
5369.037614
5364.942793
5360.769045
5356.520652
5352.201890
5347.817041
5343.370383
5338.866195
5334.308758
5329.702349
5325.051249
5320.359736
5315.632090
5310.872591
5306.085517
5301.275148
5296.445763
5291.601641
5286.747063
5281.886306
5277.023650
5272.163375
5267.309760
5262.467084
5257.639626
5252.831666
5248.047483
5243.291357
5238.567566
5233.880389
5229.234107
5224.632999
5220.081343
5215.545837
5210.924877
5206.214239
5201.415848
5196.531628
5191.563505
5186.513403
5181.383249
5176.174966
5170.890480
5165.531717
5160.100600
5154.599055
5149.029007
5143.392382
5137.691103
5131.927097
5126.102288
5120.218601
5114.277962
5108.282295
5102.233525
5096.133578
5089.984378
5083.787851
5077.545922
5071.260515
5064.933555
5058.566969
5052.162680
5045.722614
5039.248695
5032.742850
5026.207002
5019.643078
5013.053001
5006.438697
4999.802092
4993.145109
4986.469675
4979.777714
4973.071151
4966.351911
4959.621920
4952.883102
4946.137383
4939.386687
4932.632939
4925.878065
4919.123989
4912.372637
4905.625934
4898.885804
4892.154173
4885.432966
4878.724108
4872.029523
4865.351138
4858.690876
4852.050663
4845.431591
4838.805921
4832.159500
4825.492483
4818.805027
4812.097286
4805.369416
4798.621572
4791.853910
4785.066586
4778.259754
4771.433570
4764.588190
4757.723769
4750.840463
4743.938426
4737.017815
4730.078785
4723.121490
4716.146088
4709.152733
4702.141580
4695.112785
4688.066504
4681.002892
4673.922104
4666.824296
4659.709623
4652.578241
4645.430305
4638.265970
4631.085393
4623.888728
4616.676131
4609.447757
4602.203762
4594.944302
4587.669531
4580.379605
4573.074680
4565.754911
4558.420453
4551.071462
4543.708094
4536.330503
4528.938846
4521.533277
4514.113953
4506.681028
4499.234658
4491.774999
4484.302205
4476.816433
4469.317837
4461.806574
4454.282799
4446.746666
4439.198332
4431.637953
4424.065682
4416.481677
4408.882291
4401.255894
4393.602179
4385.921725
4378.215111
4370.482917
4362.725721
4354.944102
4347.138641
4339.309915
4331.458505
4323.584988
4315.689945
4307.773955
4299.837596
4291.881447
4283.906088
4275.912099
4267.900057
4259.870543
4251.824134
4243.761412
4235.682953
4227.589339
4219.481147
4211.358958
4203.223349
4195.074901
4186.914192
4178.741801
4170.558308
4162.364292
4154.160331
4145.947006
4137.724895
4129.494577
4121.256631
4113.011637
4104.760173
4096.502819
4088.240154
4079.972757
4071.701208
4063.426084
4055.147966
4046.867432
4038.585062
4030.301435
4022.017130
4013.732725
4005.448801
3997.165936
3988.884710
3980.605701
3972.329489
3964.056653
3955.787771
3947.523424
3939.264189
3931.010647
3922.762887
3914.496612
3906.199045
3897.871564
3889.515545
3881.132364
3872.723400
3864.290030
3855.833629
3847.355576
3838.857246
3830.340018
3821.805268
3813.254374
3804.688711
3796.109658
3787.518591
3778.916887
3770.305923
3761.687076
3753.061724
3744.431243
3735.797010
3727.160402
3718.522797
3709.885570
3701.250100
3692.617763
3683.989937
3675.367997
3666.753322
3658.147288
3649.551272
3640.966651
3632.394803
3623.837104
3615.294931
3606.769661
3598.262672
3589.775340
3581.309042
3572.865155
3564.445056
3556.050123
3547.681732
3539.341260
3531.030085
3522.749583
3514.501131
3506.286106
3498.105885
3489.961846
3481.855365
3473.787820
3465.760586
3457.775042
3449.832564
3441.934530
3434.082315
3426.277298
3418.520855
3410.806859
3403.109360
3395.426254
3387.757803
3380.104270
3372.465916
3364.843003
3357.235794
3349.644549
3342.069530
3334.511000
3326.969221
3319.444454
3311.936961
3304.447004
3296.974845
3289.520745
3282.084967
3274.667773
3267.269424
3259.890182
3252.530309
3245.190067
3237.869718
3230.569524
3223.289746
3216.030646
3208.792487
3201.575529
3194.380036
3187.206269
3180.054489
3172.924959
3165.817940
3158.733694
3151.672484
3144.634570
3137.620216
3130.629682
3123.663230
3116.721124
3109.803623
3102.910991
3096.043489
3089.201378
3082.384922
3075.594381
3068.830018
3062.092094
3055.380871
3048.696611
3042.039576
3035.410029
3028.808229
3022.234441
3015.688924
3009.171943
3002.683757
2996.224629
2989.794821
2983.394614
2977.025640
2970.688384
2964.382225
2958.106543
2951.860719
2945.644131
2939.456161
2933.296188
2927.163592
2921.057753
2914.978051
2908.923866
2902.894578
2896.889566
2890.908211
2884.949893
2879.013992
2873.099887
2867.206959
2861.334587
2855.482151
2849.649032
2843.834609
2838.038263
2832.259372
2826.497318
2820.751480
2815.021238
2809.305972
2803.605062
2797.917888
2792.243830
2786.582267
2780.932581
2775.294150
2769.666354
2764.048574
2758.440190
2752.840581
2747.249128
2741.665210
2736.088208
2730.517501
2724.952469
2719.392492
2713.836950
2708.285223
2702.736692
2697.190735
2691.646734
2686.104067
2680.562115
2675.020258
2669.477875
2663.934347
2658.389054
2652.841375
2647.290691
2641.736382
2636.177826
2630.617056
2625.064432
2619.520962
2613.986524
2608.460992
2602.944243
2597.436151
2591.936592
2586.445443
2580.962578
2575.487873
2570.021204
2564.562447
2559.111476
2553.668169
2548.232399
2542.804044
2537.382978
2531.969078
2526.562218
2521.162274
2515.769123
2510.382640
2505.002699
2499.629178
2494.261951
2488.900895
2483.545884
2478.196794
2472.853502
2467.515882
2462.183811
2456.857163
2451.535815
2446.219642
2440.908520
2435.602325
2430.300931
2425.004215
2419.712052
2414.424318
2409.140889
2403.861639
2398.586446
2393.315183
2388.047728
2382.783955
2377.523741
2372.266960
2367.013489
2361.763203
2356.515978
2351.271689
2346.030212
2340.791422
2335.555196
2330.321409
2325.089936
2319.860653
2314.633435
2309.408164
2304.185552
2298.966200
2293.750154
2288.537460
2283.328164
2278.122311
2272.919946
2267.721114
2262.525862
2257.334235
2252.146279
2246.962038
2241.781558
2236.604885
2231.432064
2226.263141
2221.098162
2215.937171
2210.780214
2205.627337
2200.478585
2195.334004
2190.193638
2185.057535
2179.925739
2174.798295
2169.675249
2164.556647
2159.442534
2154.332956
2149.227957
2144.127584
2139.031882
2133.940897
2128.854674
2123.773258
2118.696695
2113.625030
2108.558310
2103.496578
2098.439882
2093.388266
2088.341776
2083.300458
2078.264356
2073.233517
2068.207985
2063.187807
2058.173027
2053.163692
2048.159847
2043.161537
2038.168807
2033.181704
2028.200273
2023.224558
2018.254607
2013.290463
2008.332174
2003.379783
1998.432800
1993.488803
1988.547585
1983.609250
1978.673906
1973.741658
1968.812613
1963.886877
1958.964555
1954.045755
1949.130582
1944.219142
1939.311543
1934.407889
1929.508286
1924.612843
1919.721663
1914.834854
1909.952521
1905.074772
1900.201711
1895.333446
1890.470081
1885.611725
1880.758482
1875.910459
1871.067761
1866.230496
1861.398770
1856.572688
1851.752356
1846.937881
1842.129370
1837.326927
1832.530660
1827.740675
1822.957077
1818.179972
1813.409468
1808.645671
1803.888685
1799.138618
1794.395576
1789.659664
1784.930990
1780.209659
1775.495777
1770.789450
1766.090786
1761.399889
1756.716866
1752.041824
1747.374868
1742.716104
1738.065639
1733.423579
1728.790030
1724.165098
1719.548890
1714.941511
1710.343056
1705.748231
1701.152854
1696.557284
1691.961881
1687.367004
1682.773012
1678.180265
1673.589123
1668.999944
1664.413089
1659.828915
1655.247784
1650.670054
1646.096085
1641.526236
1636.960866
1632.400335
1627.845003
1623.295228
1618.751370
1614.213789
1609.682844
1605.158894
1600.642299
1596.133418
1591.632610
1587.140235
1582.656653
1578.182222
1573.717302
1569.262253
1564.817434
1560.383204
1555.959923
1551.547949
1547.147644
1542.759365
1538.383473
1534.020326
1529.670284
1525.333707
1521.010954
1516.702384
1512.408357
1508.129232
1503.865368
1499.617125
1495.384863
1491.168940
1486.969717
1482.787552
1478.622804
1474.475834
1470.347001
1466.236664
1462.145183
1458.072916
1454.020224
1449.987465
1445.975000
1441.982445
1438.005993
1434.044869
1430.098853
1426.167729
1422.251277
1418.349279
1414.461516
1410.587770
1406.727822
1402.881455
1399.048449
1395.228587
1391.421649
1387.627418
1383.845674
1380.076200
1376.318777
1372.573187
1368.839211
1365.116630
1361.405227
1357.704783
1354.015079
1350.335897
1346.667019
1343.008226
1339.359299
1335.720021
1332.090172
1328.469535
1324.857891
1321.255022
1317.660708
1314.074732
1310.496875
1306.926919
1303.364645
1299.809836
1296.262271
1292.721734
1289.188005
1285.660867
1282.140100
1278.625486
1275.116807
1271.613845
1268.116381
1264.624196
1261.137072
1257.654791
1254.177134
1250.703883
1247.234819
1243.769724
1240.308380
1236.850567
1233.396069
1229.944665
1226.496138
1223.050271
1219.611454
1216.183818
1212.767098
1209.361029
1205.965347
1202.579788
1199.204086
1195.837978
1192.481199
1189.133485
1185.794570
1182.464192
1179.142085
1175.827985
1172.521627
1169.222747
1165.931080
1162.646363
1159.368330
1156.096718
1152.831261
1149.571695
1146.317757
1143.069180
1139.825702
1136.587057
1133.352981
1130.123209
1126.897478
1123.675523
1120.457078
1117.241881
1114.029666
1110.820169
1107.613125
1104.408270
1101.205340
1098.004070
1094.804195
1091.605452
1088.407576
1085.210301
1082.013365
1078.816502
1075.619449
1072.421939
1069.223710
1066.024496
1062.824034
1059.622058
1056.418305
1053.212510
1050.004408
1046.793734
1043.580226
1040.363617
1037.143644
1033.920043
1030.692547
1027.460895
1024.223861
1020.975662
1017.715919
1014.445291
1011.164438
1007.874019
1004.574692
1001.267118
997.951955
994.629863
991.301500
987.967526
984.628600
981.285381
977.938528
974.588700
971.236557
967.882757
964.527960
961.172825
957.818011
954.464177
951.111983
947.762087
944.415149
941.071827
937.732782
934.398671
931.070155
927.747892
924.432542
921.124763
917.825215
914.534557
911.253449
907.982548
904.722515
901.474009
898.237688
895.014212
891.804240
888.608432
885.427445
882.261940
879.112576
875.980011
872.864905
869.767918
866.689707
863.630933
860.592254
857.574330
854.577820
851.603383
848.651678
845.723364
842.819100
839.939546
837.085360
834.257203
831.455732
828.673231
825.900784
823.138424
820.386189
817.644117
814.912245
812.190611
809.479254
806.778210
804.087518
801.407215
798.737339
796.077928
793.429020
790.790652
788.162862
785.545688
782.939167
780.343338
777.758238
775.183905
772.620377
770.067691
767.525886
764.994998
762.475066
759.966128
757.468221
754.981383
752.505652
750.041065
747.587661
745.145477
742.714551
740.294920
737.886623
735.489696
733.104179
730.730108
728.367522
726.016458
723.676954
721.349048
719.032777
716.728180
714.435293
712.154155
709.884804
707.627277
705.381612
703.147847
700.926020
698.716168
696.518329
694.332541
692.158842
689.997269
687.847860
685.710653
683.585686
681.474159
679.384104
677.316441
675.270436
673.245357
671.240470
669.255043
667.288341
665.339631
663.408181
661.493257
659.594126
657.710055
655.840309
653.984157
652.140865
650.309699
648.489926
646.680814
644.881629
643.091637
641.310106
639.536301
637.769491
636.008941
634.253919
632.503691
630.757524
629.014684
627.274439
625.536055
623.798799
622.061938
620.324738
618.586467
616.846390
615.103775
613.357889
611.607998
609.853369
608.093269
606.326964
604.553721
602.772808
600.983490
599.185035
597.376709
595.557780
593.727513
591.885176
590.030035
588.161357
586.278409
584.380457
582.466769
580.536611
578.589250
576.623953
574.639986
572.636616
570.613110
568.568600
566.503085
564.417268
562.311851
560.187538
558.045031
555.885034
553.708250
551.515381
549.307133
547.084206
544.847305
542.597132
540.334392
538.059786
535.774018
533.477791
531.171808
528.856773
526.533389
524.202358
521.864384
519.520170
517.170419
514.815834
512.457118
510.094976
507.730108
505.363220
502.995013
500.626192
498.257458
495.889516
493.523068
491.158818
488.797469
486.439724
484.086285
481.737857
479.395142
477.058843
474.729664
472.408307
470.095477
467.791875
465.498206
463.215171
460.943475
458.683821
456.436911
454.203448
451.984137
449.779680
447.590780
445.418140
443.262464
441.124454
439.004814
436.904247
434.823456
432.758914
430.676431
428.569673
426.440235
424.289708
422.119687
419.931765
417.727534
415.508589
413.276521
411.032925
408.779394
406.517521
404.248898
401.975120
399.697779
397.418469
395.138783
392.860314
390.584656
388.313400
386.048142
383.790474
381.541988
379.304280
377.078940
374.867564
372.671743
370.493072
368.333143
366.193550
364.075886
361.981743
359.912716
357.870398
355.856381
353.872259
351.919625
350.000073
348.115195
346.266585
344.455835
342.684540
340.954293
339.266685
337.623312
336.025766
334.475640
332.974527
331.524021
330.125715
328.781202
327.492075
326.259928
325.086353
323.972945
322.921295
321.932998
321.009646
320.152834
319.364153
318.617746
317.875129
317.136302
316.401566
315.671223
314.945576
314.224926
313.509575
312.799825
312.095979
311.398337
310.707203
310.022878
309.345663
308.675861
308.013774
307.359704
306.713952
306.076821
305.448612
304.829628
304.220170
303.620541
303.031041
302.451974
301.883641
301.326344
300.780386
300.246067
299.723690
299.213556
298.715969
298.231229
297.759639
297.301501
296.857116
296.426786
296.010814
295.609501
295.223149
294.852061
294.496538
294.156882
293.833395
293.526378
293.236135
292.962967
292.707175
292.469062
292.248930
292.047080
291.863815
291.699436
291.554246
291.428546
291.322639
291.236825
291.171408
291.126689
